-1
3.00217
2.12114
3.62814
4.05093
0.982922
0.739706
1.47095
1.81226
2.25621
2.24033
1.19292
2.77844
4.02856
2.0107
3.75621
0.770313
3.52028
2.47226
4.07963
1.34448
3.18365
0.800362
3.47706
0.93212
1.05955
2.93088
0.626531
3.5362
1.50989
0.521194
1.9343
2.53424
1.10931
3.11995
3.67748
1.60377
3.22486
3.85238
4.13997
2.30323
1.72607
2.92974
4.2679
4.3229
2.11283
1.47261
1.57695
2.48835
3.78242
2.18562
4.29524
4.40527
4.57381
4.62066
2.0596
2.18787
2.34994
2.6757
1.56137
1.01895
1.89388
2.58562
2.53036
2.65411
0.847624
2.13649
2.49241
2.05385
2.57234
2.79411
3.02153
1.31203
1.09711
2.42581
2.19794
0.448614
3.0119
3.33003
1.75303
3.33656
1.06489
2.43306
3.29957
1.79831
2.0318
3.36218
3.66924
2.77775
3.59921
3.76174
2.12934
1.53672
2.43342
3.8501
3.58489
4.09999
2.8594
4.1737
3.88562
1.06451
3.18321
4.30588
4.61099
3.91329
4.49498
2.51972
1.33499
2.15633
1.55477
3.17442
2.24223
4.06954
2.05469
2.45912
1.24879
3.68585
2.06547
0.911627
4.12643
3.25408
3.64623
3.01956
3.29255
2.84619
4.37894
4.61258
4.64169
0.38749
2.73664
4.03628
2.18862
2.25348
3.71133
2.37588
3.10638
4.20428
4.44854
2.27757
4.27391
1.1838
0.636814
3.96006
3.49905
0.335885
2.15789
3.0331
3.97401
2.39253
2.21204
4.05947
4.68497
2.40864
4.03695
4.68833
3.82611
3.74049
2.33229
2.38418
0.574507
1.85207
4.35554
3.65371
4.91724
2.12745
5.06121
4.13389
4.86649
4.70353
2.78896
3.08967
1.96035
5.0731
5.16132
2.09551
2.5505
2.39969
2.61789
3.35585
1.39256
3.6618
1.78193
3.92708
4.0044
2.653
1.88849
2.07404
3.90187
1.29945
2.55503
2.10009
2.76436
0.528328
3.26788
1.02022
2.06618
2.64526
3.59756
4.35635
0.226665
1.89234
2.2288
2.65743
1.29504
3.54471
1.5208
3.14536
0.726096
2.05999
3.63281
4.27546
4.31894
4.69927
3.68938
2.61487
2.38367
2.59514
0.175237
1.51398
2.63578
2.7379
2.20251
3.09537
2.73099
2.78603
3.15267
3.3635
3.43722
0.991496
2.90307
2.80483
3.87565
1.34668
4.17812
1.72146
3.3367
2.84717
2.60055
2.95671
4.24362
0.954924
2.6249
2.13061
4.51511
4.78112
4.59476
2.42942
3.20933
4.20272
4.29314
3.62774
4.26909
2.9069
1.07316
3.87468
3.66575
1.27485
3.32764
4.22765
1.67582
3.29878
3.83434
4.33084
3.5672
4.3331
4.97422
2.9294
1.98396
1.88595
2.39259
2.48504
2.77831
1.51287
1.20103
0.939902
2.31034
3.31569
3.42525
3.58025
3.83682
3.20166
3.49341
4.63673
0.302702
4.75007
3.10227
5.08284
1.38374
4.19317
5.10619
2.74352
5.16462
1.89554
2.43918
1.60554
1.49811
3.04288
3.81037
1.48239
3.08373
4.40113
0.44529
4.41292
1.30706
2.12491
2.49451
1.94446
4.08714
1.58096
3.03156
3.18413
3.24565
2.69084
4.46246
3.45596
4.87913
1.65989
4.58123
0.945455
4.60683
1.36417
1.68692
3.83566
2.33817
4.8944
2.68993
2.77142
3.02298
1.45321
3.60372
3.00609
1.82151
0.0811659
4.04468
2.38042
4.64768
0.943122
4.21839
3.08216
4.91692
4.36458
1.757
4.71483
4.06362
2.62019
1.48247
3.39543
1.35975
2.4087
2.92292
3.19395
3.16282
1.97228
2.769
3.48091
3.09312
3.82313
3.84899
1.4731
1.64474
3.39436
3.89529
2.86398
4.07119
1.31699
2.24435
4.36945
2.80954
2.13915
3.94641
4.52855
1.47505
1.82482
4.55012
1.87089
4.71829
4.19086
4.89173
2.17578
3.05323
2.6257
1.8156
1.55747
3.5065
3.78
2.78408
4.91719
1.73251
1.18722
1.59361
2.70249
0.578957
0.792206
3.29936
3.36755
2.71488
3.72957
2.41242
2.88477
3.34506
1.9056
0.604525
0.387239
1.65992
1.50368
2.27897
3.5618
2.50082
3.27221
4.82492
2.36161
4.96355
3.48541
2.37171
1.99383
4.98228
3.66501
0.954233
3.99274
5.03134
4.32294
4.01528
2.1405
4.4282
3.02917
1.48005
1.68461
0.224661
2.29428
1.35157
2.10427
0.834621
0.997523
1.09135
3.50333
3.36742
4.36171
1.39043
3.01129
3.35479
0.637025
0.98119
1.80218
3.22422
3.01711
2.76542
3.64776
3.65247
1.88102
2.84823
1.88024
3.19803
4.25112
0.866071
4.0017
4.54159
0.262648
2.74602
4.58559
3.01547
2.34539
3.14495
2.53497
4.07429
2.80826
1.99297
0.983764
2.40986
3.758
2.41339
1.82014
4.20141
3.25869
2.83509
3.28839
2.75264
4.5004
2.18051
0.198042
1.74173
4.63989
4.72897
0.544608
1.73344
3.47254
4.16361
2.57122
3.78474
1.16678
1.61348
0.798549
2.2506
2.90923
2.66797
2.99813
4.85846
2.93391
4.35414
4.90759
0.892274
3.01924
1.58144
1.99722
0.3978
2.27328
2.61032
1.36346
3.33378
2.86163
2.9557
1.78027
3.3849
4.29942
1.47174
3.6175
2.7742
3.80445
1.10896
3.45543
1.09107
3.13797
4.41654
2.3592
2.74986
2.29968
2.86562
1.02534
2.31394
4.92124
4.95296
4.96848
1.39468
3.45502
0.810668
3.74837
2.24095
3.27793
0.991629
1.49445
2.18479
2.44592
2.97562
2.7718
3.80773
3.8788
4.16816
2.70937
4.28316
3.33192
3.74262
1.68148
4.36494
3.77343
3.06249
2.87029
4.03806
2.89729
2.57724
3.54949
0.800185
3.86747
3.74965
0.1701
0.588893
3.79834
3.14778
4.15249
3.3358
4.41059
3.8944
4.14457
2.07924
4.54572
1.48083
4.70848
3.15804
3.0901
2.04708
3.97779
3.94584
2.93295
4.1568
3.7561
2.52743
2.36994
2.07989
2.78457
4.76007
1.72974
1.79817
3.97849
4.77321
2.18625
1.77532
2.16911
3.7571
0.740867
3.56974
4.95007
4.95114
5.0577
3.32905
5.08655
2.80571
1.00309
3.19811
3.48829
2.84865
1.49646
2.42789
3.99804
2.44477
1.03592
4.52993
3.91846
2.2096
3.05387
1.10505
4.79751
2.41075
2.57892
0.900315
1.64604
3.39586
3.48698
2.79333
2.62875
2.37618
1.62285
1.17249
3.0975
1.79358
2.59319
3.15364
3.56794
3.28406
2.98862
2.12024
3.8473
3.65677
0.940692
0.666692
3.41836
2.00023
3.42734
3.28696
4.20522
0.956082
3.56765
2.97493
2.11516
1.91745
1.99505
3.14563
4.29108
2.60826
2.02112
3.74639
0.892657
4.19243
1.46604
3.27009
4.16981
3.33018
1.87828
3.51437
3.80315
2.04787
2.54321
4.34645
3.83528
1.0153
2.00643
2.46167
4.15371
1.42236
1.76766
0.94753
1.94731
4.01552
0.868689
3.46694
4.37277
2.51997
4.5818
4.76489
3.4172
4.86849
4.89294
4.91576
3.00037
0.854388
3.04475
2.95276
4.28256
4.41267
2.46195
2.83959
0.636478
3.20421
5.16411
5.16714
3.54509
3.52907
0.980762
3.2728
4.27135
2.44945
4.09381
2.30717
2.76584
4.75841
4.86515
4.49314
3.94044
2.7658
3.8675
5.0021
0.515503
1.14197
2.17572
1.10851
0.411506
5.21228
1.26683
2.42185
2.48809
2.7864
3.6212
2.02767
3.5786
5.2223
2.6401
2.20238
1.91068
3.30432
2.45947
1.85322
1.75158
2.31517
2.37124
0.392864
2.83681
1.27113
3.46462
3.67934
1.87752
1.26959
2.21058
3.76887
1.40516
1.48602
3.6081
3.76596
5.27307
2.88968
2.22673
2.5786
0.340569
1.65861
2.96618
3.45049
1.37187
1.96025
3.66312
2.33964
2.05356
2.36367
0.804425
2.48062
3.21445
3.25708
0.782482
2.72391
3.62604
1.11469
3.83524
1.0108
0.491586
3.07695
2.83435
1.2897
3.90064
4.02133
4.24549
2.78276
1.52894
3.15682
1.72224
4.31699
1.38458
0.490663
1.65824
4.48405
1.84153
3.39821
3.05456
2.26876
4.56656
2.56552
5.13581
4.44076
4.27262
2.3098
2.55631
2.96006
3.51193
4.67013
4.46373
0.364398
3.5794
5.12946
3.48491
3.71431
2.69815
2.35733
0.481421
3.04097
4.02367
2.21369
4.3263
3.17459
1.87875
1.53906
3.26094
0.420363
4.63643
2.711
1.87747
2.2849
4.1229
4.1208
3.89305
1.95977
1.94362
2.39265
2.93068
4.18522
2.84154
2.7621
3.84212
2.4426
1.20224
3.96231
2.82343
3.15312
4.22158
4.57036
1.23815
4.88028
2.60041
4.66859
1.33243
2.54049
0.753165
1.19972
1.95903
2.80528
2.91936
2.49783
2.69686
3.20847
2.7816
3.59872
1.40736
3.2058
3.54041
1.44603
4.31665
1.99982
3.05756
3.58734
3.54944
4.74284
2.00583
2.68236
4.12167
4.35528
1.52083
1.99091
2.06629
2.75487
2.56192
4.39408
2.3062
1.93073
2.43506
1.7505
1.51871
1.32271
0.170626
1.69745
1.95549
2.99641
3.34782
3.63966
2.99546
4.09625
2.09177
0.442901
2.71026
2.38932
2.94449
3.29155
1.19039
3.64839
1.47717
4.24892
1.81707
3.57564
3.87476
4.4553
4.75228
3.67014
3.60079
1.67617
2.40162
4.68782
3.53472
4.87889
3.17939
1.9809
3.28507
5.24239
3.22231
2.41152
3.39749
1.00063
2.05026
2.22689
0.909777
2.77858
3.48804
0.0991639
3.35568
5.27616
5.2814
3.37511
0.439016
1.62679
3.26658
4.45707
2.41517
0.296483
3.03609
1.0291
3.09622
3.82999
5.03983
2.53066
3.58709
2.52051
2.81929
1.20422
3.97898
2.31278
2.97877
5.13279
1.66558
2.64008
2.83412
3.76317
1.18935
2.38995
3.34213
2.32707
4.83157
1.71183
1.22612
1.13622
5.03648
3.51476
2.05266
3.25402
2.80793
2.88586
3.294
3.44723
2.71645
3.25811
3.98703
3.97293
4.22034
4.24283
4.53939
4.64979
0.829965
5.29807
1.14301
5.31141
5.33711
2.10077
2.16607
3.15097
3.51595
3.28197
4.08632
4.13044
4.46639
3.08747
1.29323
3.95129
2.16911
5.21028
2.45645
5.37479
5.39268
2.45636
2.69479
3.02148
3.3812
3.4228
2.38051
4.39703
0.935841
4.94912
5.39724
5.40594
4.82478
1.54428
2.73826
2.04044
4.69722
1.79944
3.5848
1.56221
2.79194
2.80913
3.33442
2.81482
1.82332
3.63869
0.531759
1.49929
1.98109
3.77386
4.4336
4.86083
2.03493
3.98415
2.71931
3.9945
4.94056
5.40835
3.21696
1.70121
3.95248
2.72992
5.42624
0.485902
2.15352
4.20446
4.22873
5.43092
4.72394
5.44086
2.43385
4.56004
2.46093
0.724551
1.20695
5.44622
3.54211
3.89488
5.47466
2.81214
2.47284
0.223995
3.42546
2.21487
2.26554
1.37539
4.06575
1.76309
4.18661
3.46395
5.31793
4.52246
4.06558
2.10708
2.25964
2.35129
3.07169
3.86864
3.8867
3.11598
1.65171
2.70719
1.17154
4.12776
4.72102
1.61511
3.87789
2.14644
1.47792
0.745003
1.92232
2.26368
1.24196
0.629358
2.79085
1.60298
3.15481
3.31683
0.722576
2.30227
3.3871
1.11905
0.527343
2.54493
2.46768
2.9523
2.99112
3.13514
3.60137
3.12965
3.8901
1.83546
2.778
4.05118
4.10142
4.43114
0.47087
1.61274
2.57131
3.42397
1.60138
3.87015
0.652789
2.5698
1.10189
2.86007
1.84921
3.3322
3.90617
4.25609
4.42788
1.26406
2.84398
1.95001
0.848822
4.57578
3.56204
3.25497
1.88026
2.22289
0.650417
3.97112
2.79355
2.45882
3.51542
1.56422
2.55724
2.8933
3.14129
3.84289
3.19741
3.05397
2.90753
3.03744
2.46758
1.07063
3.10502
2.09976
0.664436
3.17753
3.55774
4.35424
4.52426
2.32145
2.9611
3.016
1.12338
2.74765
3.29862
3.6594
2.54413
3.01142
4.3949
1.25043
2.21296
2.96219
2.24083
4.73863
3.68659
4.7936
4.83167
4.35891
3.41547
4.81901
4.27152
4.95176
5.06696
3.44382
1.87924
4.17582
3.38954
5.07679
4.95211
5.11954
3.27212
5.36616
5.61016
3.26736
0.200806
5.65178
5.65443
3.71334
1.54181
2.43861
4.59513
4.88959
3.86019
0.89167
1.80203
1.3301
2.44702
4.72735
1.57292
5.65539
5.658
1.49355
2.92816
2.54313
2.94031
3.08503
2.19419
3.94667
0.924304
5.25715
5.45322
5.68395
1.01646
5.71067
2.30129
5.71767
1.93463
1.42889
5.2206
3.84731
2.07082
4.34691
2.75405
3.40714
2.77708
1.83697
1.7648
0.768413
3.39482
3.81957
2.77533
3.31571
3.88144
4.3922
4.48435
2.05875
1.9254
3.45404
5.10242
5.40232
2.18207
3.01656
1.97558
4.07172
1.9564
4.02192
4.1348
3.77489
1.29762
4.18615
3.93442
1.67998
4.31029
4.34754
1.43784
2.52457
4.4085
2.31534
0.9282
2.71197
2.101
4.98423
1.98972
3.42851
2.29709
3.74417
2.34137
1.74485
3.55819
2.58415
4.1125
1.28687
4.20857
3.15783
3.86275
4.01456
2.68103
2.64977
3.04461
4.35444
2.3255
2.03511
4.57953
0.817652
4.83645
1.31909
1.6203
2.0257
1.07278
1.10163
2.26359
3.30684
2.44799
4.15383
2.86954
1.46968
3.36188
0.876335
4.07498
4.477
3.76623
5.01326
3.25288
0.752887
2.50073
2.04998
3.62996
1.61096
1.52478
1.46782
2.79664
1.50966
1.06934
1.82656
2.76965
3.09432
1.89402
2.00011
2.31669
3.26786
0.816307
0.108495
3.75441
1.35
4.22768
3.64494
1.43925
4.66584
3.12029
0.47978
1.57569
0.192966
0.922383
1.37646
2.69376
2.10156
3.27189
0.416407
1.41791
2.37333
2.83972
2.90584
3.18969
4.07644
2.90578
2.7337
1.60613
1.56373
2.85457
2.25886
4.46921
1.25503
4.18705
2.75607
0.772951
1.4089
2.92649
1.81968
3.08127
4.18521
1.84345
4.18633
4.21594
2.67064
3.38714
2.36786
3.23791
3.60328
2.22444
1.35915
1.36386
2.64788
3.69414
2.32024
2.35491
2.76395
3.68031
1.36592
3.76523
2.98055
2.3759
2.56738
2.27402
2.98921
2.77172
4.34974
4.50418
0.959129
2.37822
2.41401
2.59368
4.65863
0.261443
4.70411
4.81915
4.87181
2.4521
1.04474
3.50101
3.70558
1.582
3.7931
2.94028
3.43988
3.83644
2.94348
0.909763
3.53211
2.69549
3.8893
1.94319
1.3822
1.07553
2.93411
4.82047
5.00369
1.14465
2.64579
2.95809
1.73708
5.15826
1.71009
5.28524
5.23831
5.5346
5.59709
1.44682
1.75358
1.91846
1.1119
1.50825
2.31815
2.5972
3.56078
1.87166
0.54177
3.64556
0.817517
4.35971
4.66202
3.73875
1.02372
3.77344
1.3295
2.22897
2.80243
2.91023
0.979048
2.03469
1.50618
2.30339
2.69618
2.9137
5.33982
2.65956
2.99386
2.69896
4.58783
0.722939
1.27531
4.0386
4.25452
4.03999
1.7715
1.91687
4.14434
3.86034
4.49196
4.15048
3.14148
2.93047
1.06046
3.19659
3.09032
1.18157
1.36635
1.36183
3.85868
4.60769
1.6862
3.58172
2.25348
2.65237
3.54696
3.86384
2.38082
4.54017
4.92441
5.14552
2.56056
1.46721
1.57433
2.14092
1.49102
1.84965
0.304966
1.57969
2.61205
2.74419
3.00772
3.34164
2.49759
4.26388
1.03679
1.32149
3.08552
2.6347
3.70877
4.21327
4.61234
2.03287
1.36564
1.93172
1.99164
2.48765
2.87563
3.05082
2.83353
3.19769
3.23403
3.30246
3.47158
0.791321
2.81503
3.49941
2.68329
1.26856
0.436927
1.38871
1.63905
2.137
2.2187
1.55753
1.27351
1.20567
1.66525
1.93413
1.36674
2.67072
2.55605
2.85272
3.03045
1.98297
3.24669
3.36523
3.56466
3.27325
3.65394
0.827898
3.6648
3.68759
3.04642
4.04739
4.10544
4.23309
4.24561
2.1624
2.58087
1.9323
4.3014
3.47339
4.62851
4.92031
5.08488
4.20047
3.72279
5.14738
2.27068
5.3764
4.96511
5.20731
5.46583
4.76432
1.9048
2.44347
3.11822
2.78835
2.09449
3.22508
5.06503
5.5022
0.953929
3.43129
1.96926
0.660819
3.75884
2.43585
4.17215
5.6556
4.32281
4.21923
4.48933
0.787223
3.19372
4.08332
3.13099
3.87067
3.7274
3.16293
4.41571
3.93743
4.91394
2.22098
4.47783
4.16776
4.24508
2.16821
2.77346
2.80294
3.16038
4.07316
1.84439
4.5574
1.69441
2.84343
1.89437
3.12002
3.28251
2.62555
1.24276
1.26281
1.61056
3.63522
3.97081
4.43146
1.8518
4.536
1.26196
4.04082
1.69753
1.96964
1.86242
2.68965
3.05784
3.42448
0.798441
3.02433
1.78156
3.19987
3.35913
3.50048
3.58122
0.476346
4.67729
2.47818
2.75764
2.57782
0.954419
3.77114
3.19617
2.7469
2.82315
2.37149
3.21265
3.8248
2.22175
2.26725
3.11094
2.26922
3.50379
3.98038
2.55097
3.64455
2.58314
3.75755
3.29894
3.72332
0.801331
0.975298
2.45149
1.69965
2.90749
3.00651
2.83547
2.90296
3.16253
1.98839
3.8365
3.24148
4.24571
3.18752
1.30606
1.47869
3.47208
1.99017
0.518875
3.61434
3.99414
4.21041
2.744
0.616455
3.47328
3.77226
2.68131
2.04106
2.74146
3.51221
3.89209
0.98489
1.15031
1.61034
1.65671
0.459164
0.568473
1.46465
1.82503
1.38457
1.21196
0.744863
3.57882
3.69673
3.78794
3.91746
4.07155
4.08061
3.55879
1.58661
2.44591
2.45676
1.53899
3.05957
0.379376
4.16943
3.35953
4.31979
3.35871
4.15112
3.13352
2.9806
2.65502
1.47317
1.21227
1.71913
1.95458
2.7695
1.20427
4.68996
3.68792
3.04473
3.10952
4.69109
2.48493
3.02803
5.03648
5.05437
2.40916
2.0967
2.63891
3.76287
4.28093
4.64898
3.16371
0.354209
3.47478
1.7154
1.83749
2.7167
2.31686
2.00743
2.54225
3.4062
3.31493
5.17844
5.26277
4.4356
3.39766
1.24982
2.60476
3.27267
4.13055
3.12241
3.56408
2.01361
3.36847
1.07104
4.33629
0.922252
4.35432
1.19676
2.45943
2.22319
2.63129
2.88302
1.70476
3.76899
1.02372
0.601192
1.10887
1.31616
0.920981
1.46157
3.31178
3.33135
2.06258
2.28444
0.576027
3.3888
1.21447
3.86014
3.85022
3.99832
3.68893
1.02951
4.23073
1.37901
3.58707
4.04249
1.56664
1.69267
2.02533
3.73598
4.45692
3.03817
0.860177
2.21332
1.48964
2.66377
2.15201
2.91281
3.21918
1.60401
3.39293
3.18188
3.43681
3.89523
3.99538
4.51402
2.15425
1.61523
3.69412
3.1204
2.50501
1.48904
2.95801
1.63572
2.07359
3.29753
4.02186
3.26046
4.02693
3.18138
1.22491
1.07418
3.19344
1.75252
3.31704
2.6024
3.58737
2.88853
0.844412
2.2696
2.49766
2.11333
1.61709
2.71961
1.04995
1.34367
2.77996
2.84521
2.15996
2.71837
2.17775
3.89705
3.5382
3.98263
3.69596
3.42524
1.80084
3.46152
2.50178
0.793807
0.831554
3.3282
4.09703
2.6462
3.44252
3.75633
3.24816
1.09685
3.86774
2.44978
2.72333
3.27084
4.13157
4.21952
4.6364
4.6648
4.8188
2.77218
1.75353
2.48297
3.24623
1.38843
3.32367
3.37095
4.12256
4.46552
4.62487
3.41162
4.65993
2.5329
2.6159
1.62929
4.83083
4.03606
1.7397
3.41641
4.59553
3.38167
2.14338
2.48976
3.30181
1.37998
0.639694
2.15862
4.85036
4.11374
4.74269
4.28189
4.11366
3.35117
2.16282
4.44473
2.2327
4.88942
4.6927
4.89058
4.89568
4.922
1.19317
2.6558
2.65781
2.94537
1.30447
1.2563
3.00317
1.64726
0.98424
2.36052
3.04581
2.65563
1.90556
3.07689
3.16982
4.2172
0.695302
2.30469
3.9995
1.1267
4.46353
4.75715
3.69636
1.79019
3.94462
3.12394
4.06993
2.04735
2.38614
3.97089
1.07564
3.89994
2.16409
2.87626
1.96038
4.16258
4.41935
2.1551
3.88907
2.76004
1.97972
3.19416
4.43298
0.255686
4.6776
1.89075
3.60771
4.5333
3.08638
2.02306
3.0289
1.33526
3.41763
3.94779
3.68676
1.56174
0.258981
2.76358
2.42523
4.75918
1.95725
0.693245
4.45854
1.831
3.59525
4.27777
3.81069
3.94749
0.183723
3.79244
0.0790824
2.45407
1.62537
2.09044
0.947987
2.54712
2.65882
4.02329
2.09038
4.60021
4.474
4.73429
4.63219
2.65528
2.94113
4.18182
4.83325
4.87193
1.65594
5.01774
3.60543
5.03765
5.0557
4.31718
5.06345
5.08486
2.76211
1.4882
3.8776
1.94587
3.938
4.44758
4.26392
1.73682
0.924208
3.02699
1.61544
4.94984
0.580752
5.18593
4.16712
3.08876
3.45045
2.49893
2.13778
1.49799
2.46001
3.58374
2.56425
1.58984
3.19209
1.38751
1.51986
3.60011
3.96696
1.16787
4.40441
0.379164
3.90416
4.69676
4.92065
3.13049
1.4692
1.03746
5.20547
5.22186
4.77323
5.24322
4.17673
3.46534
2.91937
1.81581
5.30678
0.880263
1.98601
0.702904
2.43911
3.68861
5.32733
1.76497
5.33731
5.15285
3.53474
2.74926
3.01054
4.64955
5.22296
4.5934
3.10343
3.4031
1.72548
1.97453
2.41557
3.43188
3.64626
4.37187
5.25666
3.71689
2.6663
2.45004
0.540481
2.42595
1.74437
3.70007
3.77497
4.0329
2.04232
0.91893
1.0369
2.07681
2.19004
1.40221
2.49263
1.49204
3.85338
3.18301
3.13444
0.638287
3.38962
4.12513
4.34997
2.20424
4.35005
1.56304
4.37587
1.16292
1.70035
2.52592
5.39917
3.19375
5.08215
5.29494
2.47836
1.23679
1.62427
1.65491
2.26472
2.58843
3.59154
2.20443
4.83534
4.12545
2.11654
2.82108
3.38495
3.72744
5.40897
2.77581
3.10238
2.83434
2.81307
0.762765
3.16729
3.54274
0.69105
2.53634
1.03981
3.34149
3.0308
3.40774
3.80097
4.08638
1.27352
2.33984
2.05262
3.445
5.19574
4.51774
2.59945
3.56621
3.18865
1.32937
3.92062
4.01576
3.09549
4.37282
2.75364
0.807773
0.942888
2.32072
3.89737
2.17841
3.59749
1.77457
1.86595
0.950404
1.00893
2.28676
2.41203
4.51573
3.84208
4.45997
3.99767
1.44319
2.3083
1.77318
2.3036
3.18643
2.8517
2.51494
3.75672
2.66519
3.62218
4.01667
3.8995
4.28951
1.77654
3.27122
4.34255
4.04928
2.93632
2.74893
4.37972
4.59579
3.75081
2.63968
4.68768
3.78426
3.73137
4.25584
4.91219
3.51236
2.96976
4.46157
4.95414
5.00499
4.15672
4.47139
5.07134
5.08329
5.16023
4.76274
0.610722
5.08718
2.20019
3.10725
4.16655
4.66299
2.83686
4.16614
5.21076
1.89439
4.03632
1.71438
3.43348
4.64785
0.547052
1.92692
2.87526
4.78113
5.40215
2.63731
2.20214
2.79498
2.86545
1.32507
2.88944
2.80474
1.68751
2.84452
3.6346
2.22809
1.11436
3.60593
0.415038
1.32332
0.333
2.36144
1.48101
4.06646
4.10178
1.91782
2.28614
2.95892
3.75102
2.30296
4.12121
1.04517
2.49049
4.46021
0.475567
3.53471
1.83479
0.732488
5.02811
5.33502
2.51333
5.41258
3.56301
5.42123
5.42224
1.39641
1.83449
4.76489
2.53299
2.29027
2.25887
3.2468
1.92221
3.61231
2.52547
2.43336
3.47976
0.80507
3.31917
2.74694
2.65449
3.28393
2.37368
2.00366
3.48545
3.57192
4.47607
1.80464
2.9488
4.50454
4.74789
2.03154
2.70872
0.988322
3.14507
3.39118
3.51178
3.91844
3.81261
4.09503
3.10217
3.51485
3.16923
1.50579
4.45985
4.4684
1.61981
4.65499
4.80909
3.33233
2.7004
5.05082
4.55967
5.08858
5.21535
4.73063
3.19324
4.1283
2.02051
5.30938
1.01857
1.03142
0.922899
2.21907
2.3803
2.51306
2.04989
2.57206
1.26901
4.19828
0.581622
2.86449
1.77911
1.57082
4.02268
5.11051
1.1688
1.93331
5.13291
5.19154
3.97121
3.05474
0.727806
0.762604
2.86641
3.78243
4.31023
3.10113
4.53097
0.880755
1.24248
0.845781
1.2202
2.40617
0.680266
3.60186
4.90152
5.44313
5.48343
1.38294
2.60428
5.49569
5.53503
5.54572
5.56293
5.57595
4.4041
5.59191
5.62644
5.28974
5.63321
2.8089
4.15797
1.07442
2.11968
4.12001
4.68781
3.42595
2.55572
4.68902
4.82911
0.342745
5.02625
1.50588
1.01191
2.76746
2.80991
2.52847
2.19728
2.84599
2.02838
3.0665
1.81255
3.19474
2.46632
2.70968
0.983639
3.38825
2.47186
2.88272
2.08394
1.79772
2.1008
3.53459
1.52102
2.14708
4.15676
3.99423
2.20933
2.9655
3.12508
3.9673
2.87549
4.0373
3.20331
1.77813
3.01875
1.18292
1.00642
1.64168
3.02303
4.1489
1.59869
1.0748
0.908455
2.48524
4.06223
3.97294
4.16534
2.12782
3.11756
3.06488
0.631335
1.88418
4.27278
1.73975
2.1506
2.64996
1.5039
4.41073
2.28354
2.50776
4.11919
3.03311
2.76632
3.50491
2.98592
3.29413
3.25149
3.47961
3.25307
1.06639
2.34349
1.03262
3.31933
4.13966
4.20046
2.98012
2.34535
2.69628
2.71421
3.05624
3.41303
3.604
3.66775
4.18975
4.28597
1.11983
2.40611
3.46189
4.44769
4.57993
3.90236
4.26192
4.61737
4.27341
4.62709
0.63857
1.90773
2.52641
3.25261
2.10575
1.38243
1.86294
1.50319
1.45221
1.63279
2.88672
4.03555
4.29009
4.33868
3.75413
3.55033
4.11526
1.81661
2.6889
1.72781
2.5751
2.71712
1.49141
1.62349
2.45672
2.45949
3.33149
3.89845
3.25189
2.06238
1.71016
3.7973
1.01069
0.488457
1.89825
1.19247
1.96091
1.04565
1.68627
2.57484
3.29088
2.81032
3.07779
3.43118
4.13431
3.35827
1.98702
0.949493
1.82434
0.89116
4.43448
3.46916
1.90007
2.81701
4.5043
0.992733
1.97455
4.64288
4.74304
1.13885
2.15845
0.980798
4.00927
4.75057
4.79805
1.42647
2.08432
1.96553
1.8408
1.92882
4.52234
1.51347
4.70429
4.92521
5.16283
3.85511
2.51628
3.68446
4.23392
3.04584
4.88609
5.16901
5.24485
4.7382
3.94741
3.82345
1.79416
2.11691
4.64252
4.98832
5.33346
1.48486
3.40508
2.90053
1.0196
2.80456
0.98761
3.35073
1.79649
1.27094
2.75758
4.59675
1.31991
5.37249
0.900494
1.54769
3.93868
4.25288
2.93528
1.86684
2.88257
2.00255
1.22775
3.22822
3.55135
0.254466
1.66468
2.00896
2.46066
2.23429
1.90625
2.0978
3.33389
1.96154
3.14844
3.73458
3.96672
0.495868
1.83664
2.84381
3.50786
3.22934
3.97977
1.98395
4.09047
4.4095
1.95932
5.08508
3.79611
2.97206
2.86589
3.87865
2.36496
1.40136
5.37126
0.852556
5.39591
2.40923
5.28684
5.39674
5.50888
3.76462
1.34745
3.58704
2.82965
3.94788
1.22671
4.62176
4.98289
4.3477
4.51713
3.35509
2.60119
3.49371
4.69615
3.27427
1.69619
5.04977
1.9179
0.903735
2.46902
2.36454
3.28138
2.46099
3.01508
3.32231
2.52909
2.76372
4.38143
1.15608
4.48802
4.36075
3.73181
2.13669
4.35993
3.06238
1.60688
4.32238
3.22298
3.07743
0.712037
5.53525
0.922894
3.82319
4.10688
5.32552
2.14082
0.833148
2.60744
3.84809
0.901189
2.13151
2.09566
1.22884
5.30649
2.90587
4.17589
2.5326
2.03913
2.67579
0.623922
1.14853
1.52988
2.8418
1.79993
3.03344
2.8113
3.40511
3.82368
4.00354
5.50662
3.11868
1.22457
3.16957
3.83695
4.90737
3.08874
0.633122
2.1106
1.34893
2.79491
2.99801
1.19232
3.80022
2.64963
3.71226
5.41526
5.55857
2.48476
3.03303
3.27229
3.26054
4.97216
4.12771
5.63789
5.63853
0.45754
2.76122
2.47449
4.02454
4.73529
1.04709
4.58932
5.01173
0.659312
5.48536
4.32711
3.93263
1.65647
2.35974
1.22107
3.93474
5.67389
5.69083
5.69237
2.58133
4.67316
3.32634
4.12626
4.3079
4.98365
4.58588
1.83965
5.15325
0.4965
4.27215
3.72345
5.05645
3.4269
3.58074
4.98021
1.04538
4.17362
3.35955
2.09282
5.70858
2.21993
2.27054
3.67273
3.757
2.36903
2.96695
3.12349
3.48519
1.88883
4.69811
2.0594
1.95734
2.79587
3.41445
3.87743
1.53989
1.90897
2.86201
3.17666
1.83275
0.271387
1.09677
3.69098
4.17171
4.28743
3.1524
4.27724
3.45785
2.74085
4.33824
4.51428
2.07127
4.75384
4.3528
4.76612
4.77376
3.88516
3.97833
0.627198
4.52738
2.16856
4.35614
4.58191
5.16993
1.34222
1.87375
1.71238
0.551897
2.98954
2.12542
3.17501
3.10979
1.51539
3.40206
2.78505
3.21083
4.06333
3.34885
1.08503
1.43511
3.02533
3.5947
4.0289
4.73567
2.05876
3.00199
3.62238
2.09588
1.35375
1.85708
1.912
3.67678
0.377695
3.80842
0.910773
3.23823
1.0891
4.04077
0.931109
5.28668
1.01002
5.33827
0.480468
1.5489
4.08992
5.45315
3.08851
3.43114
3.03655
3.23235
4.35751
2.74697
1.08466
5.49977
3.23712
3.35967
5.53613
0.752518
5.57079
5.60423
5.61878
3.695
5.70967
2.58767
3.57814
2.13738
4.51238
2.04113
3.89982
1.69172
2.01511
2.43941
2.53441
2.77845
2.86924
2.25932
0.805228
1.10018
1.81164
0.454714
1.28862
4.13328
2.15853
2.31099
2.73195
2.26949
3.6887
2.0392
3.85869
3.11782
4.96792
5.36147
2.51783
4.30577
4.18257
5.5218
5.71301
5.73315
1.02094
0.350018
5.61229
3.99498
2.97523
2.86806
3.54222
1.11342
2.72157
1.23957
2.57728
3.2486
4.13541
4.81393
3.92
4.15155
4.91329
2.60314
3.93123
3.70352
3.0382
3.78936
1.58197
0.519804
3.17848
3.16281
1.83512
4.12937
3.57906
0.928186
1.37487
2.32817
4.25279
1.1809
2.1875
2.09816
2.34757
2.98051
4.74596
3.25269
1.43295
2.50791
4.91102
5.13118
3.04711
3.60898
3.84505
4.12713
2.01928
4.24349
4.04228
5.0079
0.633655
3.20187
5.06504
1.98753
5.23345
4.3679
5.24439
5.59805
3.33177
2.19959
2.99513
1.25828
0.983027
0.845497
2.23528
3.02511
1.91662
3.0888
2.65218
2.64568
2.64858
2.24534
2.50268
2.51962
3.10187
2.45275
1.46018
3.40826
4.14507
4.64264
3.69659
4.2286
3.22672
3.66499
3.73478
2.89405
2.92473
0.417249
2.29946
1.71987
4.08151
1.50936
2.67643
4.93891
2.94952
4.56179
2.32923
2.70221
1.67452
0.559859
3.04825
0.986363
4.49829
4.07993
4.06413
5.05696
5.33709
2.81312
0.278666
0.296523
3.18044
3.51102
1.65907
0.625492
2.10987
3.12405
4.04803
4.31178
3.54957
3.56355
3.58675
3.11165
1.48006
1.19873
1.93456
2.28197
1.11082
1.44054
2.69323
0.393985
2.72596
1.9799
3.15201
1.67014
2.91905
0.513937
2.72871
3.33227
3.6016
3.81077
1.88581
2.25767
1.98898
1.36548
1.05338
3.93493
1.47445
3.58898
2.39484
3.06273
3.74713
3.96391
3.48177
4.32405
3.33179
0.816665
1.95522
2.26393
3.69866
4.28134
5.29809
1.27157
4.65243
2.22616
3.32378
3.67385
3.21332
4.17323
1.83542
0.897625
2.2443
3.45249
3.61059
4.53104
4.94084
1.40905
4.99544
5.34989
1.96625
3.56859
4.37259
4.55516
4.37959
4.29249
2.96725
3.98502
3.9211
0.892218
4.71478
4.97787
1.89764
3.14457
5.31213
5.34523
5.56748
5.73342
4.08102
5.4449
3.76175
2.41067
2.83019
2.96921
3.24532
4.09144
3.9444
3.14178
1.95625
0.96959
2.64376
2.06927
3.33779
2.49715
3.55783
0.770451
3.37544
1.36044
2.81948
2.75997
3.1257
2.657
1.14127
1.46091
2.25134
1.95665
3.24963
3.409
2.18631
1.04146
2.7364
1.39724
2.87323
2.45152
2.34129
4.00505
3.05225
4.44371
0.788915
4.1602
2.05419
1.97687
3.6463
4.47976
4.87411
1.59151
5.00851
5.55791
3.23659
3.80785
5.00304
2.30244
5.55905
0.744794
5.75494
5.75777
2.29183
1.29314
3.03437
2.43149
3.9237
1.8665
5.26808
3.19104
1.71753
5.76464
0.700138
1.74198
3.22601
4.70826
0.941188
3.25012
0.914652
5.76737
0.721757
5.00825
5.77332
4.21363
2.84832
3.8851
1.21168
3.19831
2.6412
2.47346
1.44023
4.38862
3.51603
2.82195
1.27292
3.71112
1.64671
1.26352
5.32588
4.1487
3.56813
2.9355
2.1317
3.01767
3.69574
3.39265
4.11183
5.77801
5.78264
1.94016
2.1012
5.12177
0.660461
3.43427
2.07496
4.59641
4.72131
2.60498
2.05753
5.79414
2.49591
1.56835
0.724814
2.97902
5.40433
3.67925
5.34147
1.2549
0.5443
2.0336
2.58346
4.08537
5.75944
1.41904
2.5998
4.7143
3.38545
3.35571
3.46503
3.12385
2.99486
2.66656
3.97083
1.24832
2.4025
2.98999
5.80443
2.76389
2.11795
1.81969
4.59602
2.46279
1.63608
1.91619
4.26105
5.67292
3.15644
2.69675
3.82206
5.811
4.64113
2.99249
3.28849
3.26716
2.77404
1.8025
1.83384
3.88924
2.17943
2.69345
4.55466
5.06007
5.13284
5.14511
5.81776
4.31842
2.4792
1.97519
2.64838
3.61548
5.82329
4.45392
1.5409
2.53418
5.83068
5.83644
3.14407
1.58766
3.30917
2.05488
1.69242
4.13953
1.98593
5.83983
0.972617
4.89162
1.56245
1.24594
1.96887
1.4188
3.59079
2.94557
5.52756
4.74927
1.78838
1.88547
2.35426
5.73855
1.01718
2.25096
3.27907
1.95883
3.85287
3.26992
5.14583
4.66687
5.84867
2.85095
1.5178
3.58957
5.86806
5.89328
5.90854
3.80819
4.34441
4.94382
2.5891
1.92525
5.44366
3.48141
1.14672
3.54859
3.91942
3.88657
5.1745
1.8321
1.9051
4.29147
5.02855
4.705
2.14113
2.24451
1.83226
1.81719
1.36989
2.8469
5.91696
0.743457
2.83974
2.93523
1.08552
4.66436
4.26335
4.80934
0.81244
1.11971
1.62807
2.22521
2.42838
0.688381
5.93306
0.531763
1.29919
1.09159
5.97435
0.839075
5.97656
5.98009
3.75463
4.23816
4.06263
2.29006
3.72034
5.98852
2.47491
3.13293
3.37161
2.21603
5.1134
2.35017
0.750155
2.06347
5.99249
3.07785
3.54857
0.966849
3.52529
3.13804
6.02095
1.21692
2.25982
3.15173
2.66664
0.964693
3.80705
1.00556
6.02963
4.94629
3.24839
4.09481
6.03671
1.29629
1.92795
1.1011
3.78987
3.41074
1.55446
1.88364
3.14963
5.42678
3.27823
0.519027
6.04143
1.9727
4.38026
3.03157
1.36701
2.99319
2.43183
3.23356
1.2243
2.40872
2.53156
3.39511
3.5127
2.98327
3.2235
2.84703
3.56985
3.58675
2.37027
3.65769
3.896
3.83005
5.95403
3.79533
3.46115
2.11013
3.02117
4.1243
1.80811
3.03973
1.49663
4.19238
1.80964
4.38369
0.763889
2.16753
1.60598
1.72775
2.3138
0.273957
2.53524
3.33003
3.63651
2.01892
3.99227
3.17281
2.92691
4.61074
5.38337
5.07454
3.61567
0.636963
2.66032
1.91172
2.87506
3.26336
2.63927
4.05311
4.15233
3.33995
2.78454
4.51157
6.04192
5.07213
2.04756
4.92597
4.9681
2.88265
1.67059
6.04238
2.10717
3.82285
1.89294
3.61242
6.09619
3.57192
2.87034
6.1207
6.13692
2.61827
3.28397
2.93893
2.02293
3.23897
3.30873
1.43785
2.67804
3.21959
3.55317
2.34966
1.90975
0.889143
2.06889
2.27288
2.27786
4.26564
1.09783
4.00947
3.45782
4.39141
4.61412
2.33359
5.79132
5.96824
4.37437
3.66439
6.13979
4.73233
2.9836
2.44138
3.82781
3.57671
2.6346
4.51835
1.08355
4.54322
4.57561
3.95044
2.6726
1.38852
1.81149
2.63868
2.67943
3.57493
2.9299
2.95237
3.82744
2.44325
3.93975
4.14856
4.22905
2.97607
4.28512
4.78028
4.98938
2.73389
2.83298
3.36267
3.09121
2.84968
2.78345
0.929753
2.05335
2.68662
2.44503
3.05767
3.06817
1.78909
3.76836
1.96299
1.7174
2.35418
3.15461
3.48941
3.62301
2.66139
3.52781
2.36759
3.70353
0.846431
4.24413
2.16694
2.73812
3.28135
2.83275
3.60664
2.7406
1.86211
2.07794
4.32373
2.45807
4.53939
4.64725
4.6631
2.77299
3.43104
4.12273
0.614292
2.37465
4.99331
3.88457
2.98932
2.49212
2.35159
1.92427
5.17155
3.54613
5.36725
4.85379
4.72765
5.57444
3.57942
4.26632
3.80478
2.54287
2.9295
3.43474
3.44527
2.91327
3.65391
2.98072
3.27865
3.09341
0.599523
2.6568
2.01551
2.35174
0.815369
2.84811
3.29892
2.12832
3.3179
3.32737
3.71315
3.7437
0.638851
0.801627
1.95961
4.70742
3.38676
4.37003
2.1383
4.41411
4.75088
1.69048
4.28202
0.291509
3.37308
4.9657
3.33677
4.6751
3.38632
3.92156
2.31941
2.91695
1.5169
4.31402
1.81014
2.10082
1.06562
2.56353
3.78509
3.3103
1.08661
2.94519
0.755989
3.16819
2.37839
2.15944
1.91903
2.14255
2.4329
4.02993
2.55986
1.77712
5.28741
5.30787
1.60627
2.83155
0.931082
3.13621
1.04125
2.7144
5.36453
5.39348
5.46358
5.21957
1.90018
4.30386
1.93852
3.42948
3.68817
3.65727
5.70806
2.67183
2.8938
0.375542
3.15876
1.39831
4.08734
3.06315
2.41325
2.50682
2.60542
4.25436
4.53846
4.12692
1.70556
1.64063
2.79136
0.520089
3.35843
3.52374
3.60056
4.20062
3.44328
2.66558
4.33986
5.09204
4.83695
2.56541
2.86938
1.82201
3.20166
1.56734
1.07066
1.96977
3.6804
2.62716
1.87158
3.06904
2.19531
1.43792
3.55999
3.05031
3.8124
3.44078
4.16187
4.26106
1.28284
2.05758
3.57842
2.22942
4.31701
2.68004
5.15768
3.76395
5.33882
4.76875
3.89155
4.36899
5.4747
2.2338
2.26264
3.14431
0.716463
1.47182
4.30526
5.60174
1.86606
3.61801
2.21487
5.76072
2.2565
4.15155
1.9821
2.80348
2.89279
5.74692
5.90479
5.09794
5.95042
0.713291
5.96997
0.24067
5.22912
5.9995
5.41711
4.2394
2.70236
0.723454
3.2241
4.26037
1.31883
2.3371
2.01381
1.70287
1.1551
2.35679
2.47028
2.57307
2.76997
1.39301
4.2317
3.13661
4.78625
2.45267
4.30643
3.52343
4.43625
0.8339
3.68121
4.92566
3.32668
3.21368
2.2041
4.10432
1.17935
1.76937
1.98281
1.59906
3.59234
4.26705
3.32109
1.50223
2.35062
4.01308
4.52009
5.12404
5.27889
1.20856
5.42396
5.9385
5.34793
6.15443
6.15575
0.766046
1.58062
5.45859
2.06299
2.90362
3.55045
1.79535
4.52949
1.93373
2.8867
5.09585
6.15753
4.48172
0.586527
2.05996
1.86708
2.89707
4.81871
4.88283
4.31073
5.0668
3.19379
5.72634
3.93319
4.80921
3.22168
3.51861
2.79113
3.62627
1.31127
0.171485
2.2693
2.59491
4.50352
3.01105
3.29509
4.68903
4.82962
4.93994
1.05137
3.02923
3.14324
1.50372
2.04518
0.405902
1.56779
0.725264
3.56731
4.02134
2.55516
3.48044
0.438724
3.78618
4.37214
3.00461
1.20294
5.31534
2.5791
1.95712
4.02522
6.00802
2.89508
4.91954
5.23502
6.10466
3.07535
6.16928
1.27728
6.17125
1.46736
2.78057
3.74128
2.09202
6.1757
6.19492
1.20421
2.10687
2.50705
6.19593
6.2023
2.80832
3.96062
1.0374
4.69035
2.81317
0.91325
6.20891
3.31354
0.287927
0.696325
1.13414
1.36495
6.23516
2.3499
6.25994
2.7461
2.8734
2.10076
0.668988
2.46734
2.70774
2.77908
3.03884
3.75906
3.96122
2.86105
0.157406
4.36067
3.33475
5.19943
5.92262
6.15556
1.27876
3.75486
6.29166
3.58891
4.09337
4.1276
6.04539
1.32255
4.88946
2.87833
1.47791
2.86272
3.08659
3.33353
3.38812
4.26307
0.837458
1.9825
1.95257
3.2201
3.48865
3.52244
2.67456
4.51783
6.16015
2.38491
6.29533
3.85781
2.07547
2.77982
6.29535
6.29649
6.09873
1.26532
1.3878
6.31241
1.13469
2.7921
6.31449
6.32694
6.34798
6.37102
2.59978
3.31854
5.24225
5.52651
2.92889
5.94309
3.79109
4.0589
1.45599
4.31918
1.78568
4.89175
6.38477
5.85888
6.3858
6.4185
6.42387
0.907755
4.07785
3.11793
4.43555
6.43232
6.51201
3.13461
6.53471
2.8033
5.55331
6.56647
5.3589
1.56728
1.97133
6.59453
5.91109
6.62522
0.375262
1.74514
6.19029
6.62747
6.65783
6.66239
1.68018
1.23616
6.66653
6.71702
6.14205
6.73403
3.63957
5.02393
2.85062
2.33153
6.76969
2.25682
0.721975
4.08508
2.46165
4.02411
1.10156
1.416
1.95566
4.29604
4.07168
3.16925
4.82034
4.18549
1.99454
5.23725
5.00215
0.607629
4.34536
0.788655
1.86087
2.55915
2.67981
2.82334
3.91209
4.29856
6.83458
6.89337
3.36576
3.80011
7.00113
7.08909
7.1618
7.37643
7.73125
7.76318
7.92341
4.4832
5.30201
8.14752
8.40962
9.78429
-1
2.23699
2.19922
2.57638
2.86005
2.0392
3.7469
4.22551
2.61676
2.83991
2.44582
3.06397
3.58606
1.43945
1.9986
2.41967
1.46289
3.68268
3.9258
2.84418
3.92686
1.48191
0.768195
3.16026
1.16997
3.21165
2.44046
3.78213
3.56585
3.80533
0.681158
0.816587
3.50965
1.04937
4.37963
2.18309
1.40911
3.86128
2.16911
0.346776
2.20789
2.30383
1.65815
3.02637
3.6062
4.48007
3.34528
3.58933
2.0703
3.17312
2.52298
3.71758
3.67607
3.97547
3.42755
1.17222
2.90741
3.56
2.04123
3.48627
3.9968
0.70688
4.24116
1.29974
2.57523
3.94994
0.743891
2.60672
2.78773
1.52797
4.3578
1.9344
2.03686
0.948714
2.55273
3.77146
4.54427
2.92798
0.762291
3.421
3.49375
3.20896
3.36883
3.37283
2.40411
1.78672
1.26316
2.96836
0.906409
2.23726
1.35567
1.76094
1.38715
2.73761
1.40816
2.81528
0.83319
1.09645
1.8148
2.47587
2.63445
2.53888
2.05421
2.90667
3.02525
3.03214
3.11597
2.40711
1.56242
1.66266
2.08043
2.52906
2.37223
2.36956
0.905799
2.20149
2.33201
1.44474
1.62043
2.71187
2.88235
2.89147
2.47629
3.00423
1.79084
3.17885
1.0972
0.768359
0.940945
1.70836
2.04614
0.503448
2.6055
1.32074
3.20133
0.784576
3.21862
3.06108
3.22944
3.40347
2.44431
1.98305
0.353861
3.02357
2.56333
3.55706
3.96103
1.86763
4.01666
4.18375
3.7635
2.91404
2.18386
0.528134
4.11191
3.40328
2.23739
4.23312
4.29345
3.44482
3.50225
1.1392
1.15969
2.96128
3.78588
0.726617
3.58741
0.598088
2.14818
4.03759
2.05159
2.49577
1.23281
4.32341
1.14172
3.35329
2.7908
4.21329
4.33748
2.75646
2.62215
1.52478
2.15265
2.7565
1.23009
2.64061
3.02483
3.2119
3.18772
2.29276
2.46337
1.06902
0.888255
2.71804
2.55287
1.75645
1.44107
2.49042
1.53308
1.51134
0.417845
2.05976
2.04427
2.394
1.09213
2.86777
1.97702
1.87945
3.22328
1.74839
3.11397
1.86211
3.56234
3.04549
3.60485
1.0287
2.33062
3.72776
4.27878
0.673869
0.991997
3.52946
3.94351
4.32427
1.90383
2.61014
2.48432
2.74772
2.9867
3.29102
3.96884
2.61114
4.37508
4.38604
2.597
4.60233
1.21574
2.20131
2.72699
2.73501
1.80997
3.43339
3.12559
3.47461
2.24511
3.53852
2.14794
3.03892
3.6582
3.66893
4.23792
3.77352
2.17115
0.022197
2.11566
1.61463
2.22418
1.6469
1.33078
1.63932
2.26964
1.21
1.57002
2.60453
2.11456
0.883274
1.6941
1.89045
1.7378
2.63121
2.80524
3.19632
1.35339
1.97246
2.74519
0.911518
0.944182
3.21293
3.46489
0.147099
1.40949
3.01571
3.97004
1.30663
1.15399
3.30365
4.39217
2.39224
3.15513
3.1845
2.19675
3.70165
2.11533
2.49945
2.85919
0.706884
0.857905
3.92449
4.47645
1.94215
4.50133
2.029
0.506685
2.06326
4.06658
3.83941
2.05734
1.87929
3.86817
2.0093
2.86423
2.21728
3.34135
4.31401
1.93451
4.45068
2.56866
2.24912
3.23163
3.67395
3.91407
0.895891
1.04182
1.67398
3.59097
2.75295
2.08574
1.78056
0.714392
2.52058
3.0519
1.98656
3.35892
3.27016
2.70941
1.76756
1.96355
2.74177
3.59719
2.31301
1.60772
0.930049
0.862754
2.44926
2.29105
3.66697
2.80937
1.48369
0.272542
2.38365
0.940284
2.94416
0.940922
0.971541
0.794931
0.515756
1.11128
2.79326
3.04419
0.252764
3.14221
2.74366
0.694022
1.26626
0.785858
3.28781
1.37112
0.600102
1.34262
1.63469
3.7959
2.53846
1.95038
1.68789
2.24685
3.13389
0.759449
3.14354
2.27121
3.16488
3.16123
3.65355
1.58288
2.86219
3.88345
4.1236
2.56122
2.81228
2.37286
2.68375
0.672776
1.97106
1.77653
2.57523
2.61057
2.14197
3.15984
0.848617
3.4344
3.62049
0.99034
2.67312
4.16485
3.64805
4.03218
0.673036
0.725958
4.16667
3.12683
3.08234
3.95808
0.945593
2.58064
4.25408
4.35436
1.77065
2.08285
3.92029
1.46094
1.33583
4.43797
1.83037
1.87946
3.23995
3.29581
2.41188
3.07665
2.78673
2.39925
2.30663
1.22116
2.29712
3.11142
1.57893
3.21696
1.03062
3.43107
2.67937
3.00428
3.6464
1.85426
4.02949
4.04694
1.57809
0.261153
1.68115
2.51152
2.55143
2.43285
3.0315
0.549365
1.93536
3.32428
3.83141
4.2528
2.87952
2.64623
3.65513
1.09908
1.62159
4.46317
4.51765
1.08008
1.66294
0.492085
2.24059
0.723378
1.96047
3.52638
1.37133
3.63393
3.63377
3.70872
3.7382
2.33803
3.10097
1.01777
2.37234
2.01055
1.61912
3.33924
1.00907
2.88846
0.587678
2.12311
1.82608
2.27939
2.3071
2.39963
0.892423
3.18918
3.46316
0.605702
1.63921
1.05386
3.73075
3.87111
3.23533
3.81538
1.89319
4.00026
0.370704
4.18729
1.7569
0.966395
1.7212
1.28424
1.52688
1.92715
2.21497
2.08196
2.19884
2.69315
4.02204
2.27459
3.18129
3.92436
3.26314
2.41533
1.61243
2.57691
2.38846
2.16946
3.21954
4.31253
4.37487
1.74768
3.45627
3.10051
2.25157
3.59495
0.774582
1.6617
3.7812
2.04687
1.45028
2.08994
1.07863
2.16666
2.25757
2.76703
1.0849
3.85845
4.52517
1.43078
3.18423
1.95414
0.912682
3.8654
2.73548
3.02095
0.75639
0.52988
2.60302
1.50682
2.27522
2.70495
2.43476
3.11063
3.456
3.708
3.3039
3.73793
4.06276
4.11239
1.9391
3.77717
0.593623
2.96434
1.99347
3.11823
2.20972
2.87692
3.23783
1.53615
3.44014
3.34643
2.37203
3.72244
4.14808
2.66371
1.86479
4.01685
3.40684
0.92909
0.390066
2.83826
1.01213
1.42462
1.93738
1.73383
1.74098
0.551862
2.4339
1.60323
1.89717
2.79961
2.73313
1.43185
1.57248
1.63009
0.867028
1.55375
1.81445
3.8414
4.16767
2.98513
4.20153
0.844063
4.34431
3.04424
4.4508
1.35775
1.32296
3.34556
2.46627
2.38624
0.883692
1.43148
2.06917
1.41892
2.03909
2.24715
2.30054
2.31732
2.65193
1.84013
1.28904
2.94337
3.10762
4.26751
4.48555
2.73027
4.52731
4.58374
2.07874
2.45274
3.80725
0.614364
3.44664
0.770026
1.11164
1.42167
1.95875
2.28416
2.28869
1.37939
1.57263
2.86591
2.9686
1.08462
3.00029
2.51769
2.54957
1.48998
3.4728
2.08256
2.36499
2.8999
3.28472
3.6436
3.31622
1.28065
1.41116
1.7871
0.397651
3.72682
0.704301
2.77344
4.11452
2.91395
2.79463
0.292168
4.1351
4.18105
3.13012
4.05061
4.19937
3.65267
2.17569
2.7838
3.79244
3.46369
4.20779
3.27684
0.720247
2.78313
3.23081
3.71263
1.90169
1.3146
2.10966
1.56443
2.96224
1.3196
2.81175
3.02388
3.59511
1.1461
2.78574
3.29531
1.01468
1.34125
1.86922
3.15182
3.15763
2.55667
2.34971
3.26263
2.30595
3.69525
3.71166
3.93007
3.1559
3.83683
3.87384
0.751753
4.46556
4.57357
4.59101
1.35098
0.992371
1.44465
1.92584
0.421793
1.20405
1.90033
2.249
0.89086
2.66705
1.39749
2.90245
0.901795
1.83205
1.45733
2.78365
3.27297
2.68175
4.30568
2.1389
3.20052
4.60028
0.969691
0.68852
1.65042
2.67659
4.62871
3.21739
2.30471
1.24914
2.39036
2.32172
1.09864
0.796523
0.884886
1.43273
3.36078
2.28715
1.34318
2.08647
2.8801
0.582092
0.378687
2.88662
2.00262
0.239112
2.10462
3.05426
3.29319
1.88979
2.54426
2.11955
2.46342
2.9128
2.06336
2.17026
3.00099
3.31707
3.47318
1.39584
2.50309
2.95225
3.38879
1.75325
1.52999
1.73393
2.29317
2.13941
2.66679
2.87586
3.20328
3.39058
3.50171
1.15053
0.865383
2.81516
3.6119
3.71321
2.00306
2.1917
3.37775
3.31851
3.48613
3.03091
2.3996
2.70533
3.6565
3.82864
3.86831
3.90862
1.5426
3.8508
2.02325
1.68636
1.24842
2.12308
1.46706
3.0172
3.58912
2.71526
4.26244
4.29142
3.25942
2.4225
2.87786
1.64435
0.164734
1.80854
2.54157
3.05067
3.05827
1.14215
1.3716
2.39677
3.74118
2.69137
2.1538
2.53198
3.4759
3.81083
3.66855
4.53647
2.23893
2.30175
2.64768
2.10769
2.87392
0.863666
2.75554
0.61389
2.96015
1.27196
0.936484
1.62717
1.83611
2.26928
1.39813
2.57579
3.54339
3.58637
0.332036
2.54876
2.01294
1.8358
2.31532
2.49661
2.21716
1.67874
2.78245
3.59506
2.63356
3.06832
0.206182
3.28073
3.50792
3.54572
1.44039
1.23524
3.51344
3.74296
3.62445
1.7366
1.49216
1.97766
1.61729
1.84182
2.12847
1.78871
2.53413
3.13883
1.5229
1.00235
1.68021
2.05429
2.21052
2.2927
0.91037
2.38745
2.91105
3.02734
3.04531
3.2823
0.906846
2.50041
2.48155
0.728833
1.99306
2.06622
2.66747
2.54361
2.06979
2.86236
2.38639
2.45494
2.91735
1.38428
3.43872
2.80947
0.750251
3.54066
2.05729
0.517603
2.44238
2.81605
1.82862
1.90629
2.62937
1.23321
1.40611
0.997606
1.69737
3.18957
1.00681
1.96912
3.39044
3.64376
3.7236
2.48336
3.1731
2.03734
2.45832
3.90587
0.917233
3.96115
4.13973
1.69231
3.17879
2.73691
1.45734
2.05549
3.37384
3.09334
0.79597
3.41437
0.390132
3.48297
2.09442
0.902783
3.30151
0.787613
2.93306
1.25299
3.49253
3.87947
1.5667
1.02568
1.07904
4.14271
4.16111
1.19487
1.27749
2.55574
2.81414
0.686452
3.79083
2.90513
2.56006
3.4342
2.14058
3.98615
3.31159
0.6479
3.45494
3.65862
3.8917
4.03518
1.97286
3.678
4.04025
1.49226
1.58302
1.75146
2.57541
2.82957
2.75417
1.49727
1.87143
1.90155
2.63333
2.24895
1.21691
2.02133
2.38943
2.76722
2.4073
4.0963
2.26509
3.20316
3.50339
2.55769
3.12462
1.51669
1.96459
4.05304
1.095
3.88626
2.97707
4.24327
2.93937
2.55985
2.4832
3.6045
1.32715
2.30369
3.61797
1.83256
1.66242
2.71305
3.2501
2.06032
1.88665
0.757016
1.98257
3.55864
1.55437
3.31202
2.08244
3.61996
3.60774
1.71436
2.44319
3.67865
4.06403
2.62634
4.28093
4.2956
0.959765
1.05612
4.29628
1.70987
4.32265
3.16941
1.84644
1.21988
0.815263
1.46939
1.7197
2.19776
2.1283
2.66466
1.08235
2.98466
1.48269
3.0072
1.69852
3.2386
1.82288
2.2332
2.03342
3.37798
2.3992
2.18158
2.15648
0.5832
3.52808
0.895473
3.14873
3.29835
1.07459
1.69862
3.57051
4.34826
4.04443
2.78918
2.64593
3.69378
0.71042
3.3047
4.29491
2.51559
3.06802
2.94798
3.87288
1.12829
2.63928
3.17934
3.15724
2.2533
3.19308
1.84074
2.34116
0.970577
4.16989
2.60933
2.88402
4.39705
1.21093
4.41028
2.4044
4.15912
3.1322
1.24999
2.2004
2.33011
2.07017
2.2395
1.34768
2.50166
2.84363
1.94047
2.67279
4.30123
1.44445
1.54283
1.717
1.16977
0.829384
2.09257
0.849183
1.33536
2.37328
3.13841
3.83448
2.73871
3.79802
3.94485
1.76384
1.8129
2.51642
2.59218
2.46165
3.14545
2.7813
0.92726
0.338853
1.77962
2.9875
1.85603
3.52658
4.39994
2.77333
0.724943
1.91734
1.91753
2.48229
0.820792
2.99609
0.240736
3.0795
3.13771
2.89692
0.861448
2.29379
3.24816
1.62935
0.874796
1.67434
1.50582
2.22559
1.55166
1.19796
2.53942
2.54895
2.80497
3.15102
3.47952
3.00884
3.09836
0.545816
1.40284
1.55488
2.86227
2.40767
2.73036
1.05055
0.833212
2.52445
2.84765
2.64592
3.27017
1.39352
3.30323
3.35989
3.42954
4.09306
1.39465
2.13069
0.851779
4.1041
1.14606
2.03913
3.13463
3.86395
2.18102
1.74972
2.33705
0.697277
2.39003
2.42984
1.3406
3.53097
4.27953
4.41098
1.1383
0.731093
1.1504
1.42901
0.640008
1.34191
1.56817
1.86257
2.87233
2.64555
2.29219
2.70305
3.62584
3.65173
1.92296
2.59419
2.79431
3.45446
2.36977
3.73096
0.939658
2.89761
2.07059
4.48806
1.57908
2.89058
3.06525
3.54963
1.0059
1.18497
0.735469
2.37627
2.17828
2.59395
2.8671
3.99103
2.02771
2.73558
2.24698
2.50326
1.75567
3.3569
1.5259
2.83659
2.34092
2.50279
3.80014
3.6197
2.56515
3.62803
2.98003
2.70232
0.385003
2.88451
2.61551
0.67103
1.74717
2.29949
2.6177
3.10058
3.37729
3.51061
3.94828
3.50191
3.02918
0.95449
1.16159
3.75124
4.18768
0.795527
2.555
2.32667
0.719259
2.86197
1.29177
2.37053
3.3641
1.4483
3.37145
3.19913
2.96312
2.47876
3.05488
3.24057
3.12669
3.4835
1.67252
1.77897
0.975126
2.84431
1.01748
2.63588
1.47759
2.02817
3.17916
3.06879
2.04564
0.925382
2.67225
2.16421
0.697859
0.948611
2.78405
1.64687
1.71225
4.31778
2.76809
3.75656
1.35422
2.80263
1.23524
1.64141
2.72444
1.83146
0.274925
3.3998
3.14687
2.81733
3.07141
3.10496
3.57357
3.11549
0.352509
2.36319
3.47108
2.60756
3.90176
4.14482
3.79347
3.26193
1.81392
2.73998
2.10756
2.82153
3.22462
2.44938
3.26476
1.40689
2.32143
2.32295
2.05039
2.64475
3.15234
2.91619
2.64671
1.85579
2.66631
1.30093
2.19897
2.02176
2.70675
2.01536
2.32579
2.50641
3.04997
1.56592
1.80865
0.949292
3.12155
1.94275
2.67081
0.862709
2.03411
1.37165
2.41418
1.96367
1.29773
2.52332
1.09193
2.57956
2.18014
2.78369
2.70875
2.38231
2.86981
2.90704
2.5282
2.1442
2.83992
1.16625
0.773495
2.47661
2.90893
3.18219
2.05072
2.48296
3.25327
1.89808
3.0568
1.70123
3.25776
1.38577
1.23589
1.6301
2.75592
2.56047
2.06842
2.61074
2.85269
1.94489
3.22646
3.30859
2.08049
3.21077
3.38159
0.571216
1.42327
2.55979
3.3866
3.39876
3.2429
3.40299
1.06208
1.44766
3.54222
3.54544
3.5931
3.89732
2.49335
2.49526
2.60641
3.04574
2.59908
2.13503
3.44946
0.909299
0.975217
0.986525
0.707954
2.28403
1.2762
1.2194
1.38864
2.015
0.644983
2.49411
2.1639
3.01682
1.70556
3.12521
3.46296
2.75167
4.0053
2.97075
0.45246
4.13924
2.48483
0.828813
0.340372
0.986386
2.8141
1.7553
2.56423
2.40397
1.21141
3.82827
3.4978
1.68033
2.28429
4.28205
4.33475
0.854509
0.41251
4.36012
1.76105
1.15936
2.03079
2.21042
1.36476
1.60827
2.56117
1.85371
2.4635
2.63469
1.30023
3.06795
2.00027
4.21636
3.9416
2.2697
1.61359
2.34932
2.71135
0.64177
0.949294
3.03585
4.08957
1.62645
2.31967
2.29559
2.74676
1.65288
1.04108
1.17283
4.11252
0.68817
1.29519
0.774685
2.55812
2.73809
3.44045
4.21938
1.81028
3.00167
1.86622
2.28426
1.61459
4.23987
4.36544
3.15143
1.8409
2.1297
3.5051
4.43448
4.29933
3.82856
0.73593
2.33959
4.4586
2.77503
2.50367
1.57413
3.45217
0.677945
2.92409
1.40702
2.45853
2.1667
4.25935
2.38358
2.61053
3.33401
1.06082
2.56555
3.40527
3.52455
1.36068
2.15273
2.60205
0.522228
3.09498
3.38838
2.57747
2.34227
3.42433
3.60291
3.67649
3.51577
0.812921
3.72115
2.59479
2.25182
1.40271
0.323528
1.33109
2.08953
2.13841
3.74222
3.8141
3.20068
2.78038
3.46478
3.87342
2.77309
0.833209
4.27879
1.16636
4.50609
4.51713
0.931364
1.51374
0.889702
1.50499
1.82972
2.07755
4.10599
2.1564
2.19851
1.13818
1.32284
0.668079
2.28846
2.35148
2.74171
1.82611
0.74302
2.93034
2.82551
0.982374
2.28278
0.64384
2.94445
2.97356
1.54482
2.54911
2.0685
0.660464
0.684123
1.64427
2.41003
1.39536
2.86161
3.85031
3.85091
0.98405
3.94408
3.38556
0.64306
1.63752
0.966949
2.32847
2.78671
3.37758
3.95927
1.40734
2.52584
1.54204
2.50675
2.16022
1.96327
0.958576
3.53561
3.89179
0.483758
2.0519
2.41508
4.04595
2.28628
0.731164
3.00407
2.28344
2.66879
3.07767
3.29522
2.52433
2.88794
2.45844
1.75627
2.0872
2.11431
2.43178
2.59927
1.99198
1.10304
3.31101
2.20206
1.87014
3.45484
2.30694
0.796087
3.52968
1.60766
0.478362
0.542027
2.33456
1.2135
1.62464
2.45346
3.2906
1.58096
3.70851
3.85008
1.07763
1.83546
1.31015
2.25564
3.26527
3.21341
3.50083
0.606638
2.75875
3.05564
1.23236
2.14083
3.41465
3.7557
1.13854
3.53278
2.66001
1.17538
1.3989
1.63442
0.287854
2.21266
3.07575
0.763923
1.97461
3.10429
3.1607
1.1842
2.21344
1.66409
3.44104
2.41498
3.13748
3.66948
3.06392
2.78175
0.927682
2.35939
3.34187
2.5709
2.82828
3.24787
3.42693
3.76433
3.93598
2.12059
3.40982
1.54101
2.10564
2.62326
3.70127
1.10442
3.52409
2.83331
3.3593
0.318796
2.58463
2.47362
0.291514
2.83359
2.78861
3.38474
2.82185
2.0743
1.78477
3.10357
3.35708
1.14329
3.50772
3.73143
2.83123
2.9055
3.78219
2.58524
2.84223
1.82128
0.901054
2.07164
2.56361
1.66031
1.92478
2.98926
1.80665
1.92599
2.4251
2.08906
1.37353
1.64146
2.0458
1.93576
1.63074
1.60303
2.29041
0.655258
3.88227
2.74492
2.90628
1.12266
1.19686
2.40064
2.53552
2.94561
1.77563
3.07705
3.67305
2.23495
3.32025
3.54506
3.89055
4.14743
3.50656
4.12844
4.19656
4.21815
3.93163
2.53514
4.3085
4.00207
2.68526
4.22525
2.68787
3.17802
2.93885
3.40347
1.37858
0.862436
1.04832
1.23681
1.45982
3.07128
3.16989
2.38871
2.19364
1.51247
1.75039
0.833704
2.19016
1.81622
2.00747
2.21646
2.25579
2.3774
2.89704
2.04171
0.452824
2.15919
1.53558
3.13555
3.76938
1.66584
1.58655
3.76201
0.614561
2.25408
1.05617
1.80388
3.82817
3.95977
4.35812
3.68981
2.16165
1.55964
0.857005
3.40186
3.41996
1.37192
3.41431
1.65505
3.64418
1.68873
2.47686
1.45091
3.47633
1.60097
2.77008
3.38197
2.29407
3.63892
2.13749
0.890572
2.13554
1.76575
1.78135
0.185849
1.53196
2.27635
1.55931
2.47508
2.09962
1.46688
1.89243
2.02921
1.70015
2.1419
2.48445
1.91997
2.90447
3.02408
3.81895
3.91217
1.54027
1.88461
1.69323
1.74282
4.02587
2.85006
2.38423
2.97416
3.59026
2.29325
1.71315
2.83161
2.42616
3.09974
1.22805
2.17672
2.0713
2.11354
1.45498
0.367712
2.45
2.95188
2.16284
0.36404
2.97999
3.10838
3.13405
3.14803
2.92739
1.17029
1.51049
2.27212
3.66453
2.57513
1.28844
0.62116
1.06909
1.56086
1.10402
1.68914
1.38673
3.81842
3.93645
0.920282
3.23707
0.660111
4.35793
4.34033
4.38623
3.35383
3.26213
1.86064
2.16777
1.66692
3.40939
2.39991
3.3985
4.25551
1.23807
2.22303
0.759996
3.1862
0.821868
3.35811
1.31999
2.874
0.785858
0.906543
1.8123
1.44693
2.93795
2.95647
3.81654
4.37489
2.01262
2.94531
1.6594
1.99238
1.74733
3.78277
3.59445
4.4037
4.41959
4.50899
2.65602
1.26472
3.58693
4.02974
3.91532
1.26884
2.082
3.01919
0.634538
1.74
1.45082
3.82385
2.48124
0.791855
0.227429
0.483754
1.3432
4.24557
1.40977
2.16679
3.02693
3.36222
3.34562
2.78489
3.67163
1.26296
1.54545
1.84271
3.56581
2.11844
3.45795
2.90152
2.02445
2.02954
1.74149
1.96912
2.17388
2.30733
1.58468
2.12354
3.24375
2.25319
1.28765
1.10362
2.34071
2.66181
2.37954
1.69463
2.77199
1.95227
2.91496
1.36753
0.134992
1.39817
3.05085
3.18229
3.41987
1.95771
1.02903
3.12087
1.48772
1.49398
1.39539
1.7973
2.57793
3.75893
1.09418
1.51457
0.791169
0.473118
0.772213
0.947668
3.79249
2.47078
2.33446
3.31075
3.80132
1.81491
0.796748
1.63873
3.02753
3.98908
0.889342
4.18842
4.18661
3.3458
2.10103
2.47572
1.78876
3.55954
4.31342
2.88344
3.97689
1.78954
0.41775
1.17417
1.95703
3.16792
2.93426
3.01277
2.64423
4.36461
2.04753
2.17794
0.85516
4.2332
2.55001
2.49478
2.54062
1.21365
3.86863
2.19174
2.56343
1.73686
2.92612
2.58856
2.63757
0.820942
1.44894
1.56053
1.10632
1.50262
2.81489
3.2183
1.13965
0.499155
2.37947
3.26463
1.79737
0.283491
0.324333
2.69352
2.62529
2.4355
3.60763
3.96558
3.6272
4.29869
1.60198
1.50568
2.57398
1.64501
2.49642
2.96749
3.21582
2.5239
2.97686
2.41836
1.61292
1.39451
3.27784
3.07318
1.73561
0.892929
1.1096
3.20374
3.16687
1.73483
3.28025
2.69426
1.29764
1.19196
0.346807
2.34847
3.41798
1.54651
2.18965
2.32839
2.67423
3.02037
3.91769
2.699
4.10197
4.24444
2.32205
3.03402
3.20973
3.91101
2.73498
1.81617
1.69989
3.32473
2.21763
3.27983
3.20335
1.65923
3.58725
2.53729
2.59792
1.81789
2.39563
3.25003
3.51398
3.51713
1.25341
2.127
2.08135
3.64113
0.711484
1.02684
2.98546
1.67529
4.0333
0.0841554
2.70937
3.20718
3.66206
4.20851
3.81828
2.13302
2.63777
3.30375
2.33509
1.50163
0.803467
0.693251
3.34928
1.20822
3.38609
2.55635
2.67281
1.1987
1.15129
1.0744
2.53256
1.27512
2.91188
1.64905
2.52638
3.56808
2.30843
2.5359
1.28029
2.85548
0.606548
1.54528
2.40936
3.60133
2.35978
3.28071
3.67042
3.75656
3.87297
3.84612
3.88525
3.46461
4.36608
0.259536
2.70018
2.0339
2.49935
3.07065
3.7412
3.10591
3.8198
3.95757
2.30316
3.91429
3.2915
2.5319
1.73879
1.77237
3.16203
2.65664
3.36329
2.09033
2.11857
2.1821
0.57415
1.84249
0.75734
0.256825
3.6011
3.63729
3.08065
0.428089
1.39031
1.74382
3.20105
2.04128
4.39389
1.9526
1.01527
1.89558
4.27826
3.9466
2.56543
2.84668
4.03988
4.05181
0.366222
2.51876
1.65157
1.14346
2.49865
4.16898
2.58286
4.28992
4.35629
3.26489
2.3259
2.47813
2.39937
1.05501
3.08677
4.41531
4.45297
4.45474
4.51869
3.31342
4.1501
1.1528
2.33505
1.33265
3.22477
1.75941
2.37974
3.38068
1.21633
0.661496
1.40405
1.54354
1.81394
2.05678
1.38948
1.60603
1.17661
2.84007
1.40053
2.26231
2.92756
2.40723
3.17686
1.71014
2.86998
3.25026
3.33091
1.98884
2.70007
2.32566
3.40206
4.10927
4.50505
2.11232
3.94788
4.51874
2.56029
3.11987
2.02236
1.28704
2.63892
2.10034
2.87935
3.87066
2.32897
0.514687
1.82953
2.02698
1.05421
1.56561
2.47647
2.63196
2.77457
2.62636
4.08536
2.72952
4.50031
0.642134
1.63596
1.47444
1.97893
2.66582
1.54023
2.73355
3.40973
3.64352
1.80504
3.11924
0.542641
1.18507
2.19781
2.62972
3.49222
1.66094
2.61503
3.68978
3.36757
4.20525
3.67808
1.26142
3.74552
1.84626
1.40315
2.85978
1.55978
2.94945
3.35771
3.04728
3.39849
1.26707
2.01192
2.38154
1.40946
2.16388
1.30481
3.87375
3.63753
4.13891
2.917
4.31469
1.73478
3.42597
3.21858
2.03795
3.35765
0.728446
3.38624
3.50554
0.515921
2.28842
1.45857
2.72031
2.59795
0.87328
1.26614
2.80339
2.0833
1.97451
1.4448
2.37083
2.51989
4.50759
2.91176
2.8421
3.18741
3.28408
0.931705
2.80479
3.76426
2.09426
2.61618
2.79252
2.38468
3.72362
0.749255
1.77627
2.26094
3.15717
1.06132
2.90621
2.72374
3.54283
1.56218
2.41883
3.71686
4.52552
2.56092
3.51469
4.52992
2.87863
1.89152
2.14545
1.5071
3.31362
4.03161
4.54148
4.55285
4.55961
4.56167
1.63003
4.56461
1.81919
2.52314
4.57417
1.02349
3.39699
4.5755
4.57718
1.1455
4.23436
2.45259
2.60732
4.57999
2.56765
2.48006
2.65781
2.28132
4.58541
3.0768
2.03821
0.768253
3.32642
2.2107
2.61537
2.76022
2.82142
2.66256
2.75415
1.60319
2.12583
1.20518
3.06252
2.60406
3.40213
1.55859
2.68026
2.24857
3.58509
2.97719
3.74794
2.7998
3.47876
3.81039
4.19598
1.64106
0.380287
2.04116
3.45924
4.13207
4.29626
3.6815
4.53424
3.53077
2.18905
2.16381
2.28836
1.95944
3.66855
2.66169
3.61795
3.68727
1.05482
1.24803
2.36935
2.81
0.553381
1.67693
3.91569
1.12142
1.52074
2.16313
1.65208
1.98699
3.11322
2.89029
2.89171
0.537447
1.25998
2.18896
3.31282
1.13142
3.62704
3.94977
4.3033
1.18768
1.19759
2.10243
2.1218
1.71301
2.77209
2.94116
1.20492
3.01554
0.420242
3.60559
4.22225
2.33686
4.3785
2.24677
1.17755
1.73722
1.87817
4.50798
2.75362
2.58203
0.688535
4.58602
2.06062
4.60187
4.60226
4.60845
4.61904
4.62127
4.63669
1.93149
4.63797
1.02907
3.44364
0.947412
1.16084
0.904714
1.34414
4.63832
1.22621
1.11394
1.49472
2.48328
3.50942
2.45268
2.33833
2.68371
2.90803
3.17819
3.32074
1.41481
2.60561
1.42593
1.19796
3.40711
1.7708
2.9533
0.856782
3.46373
3.67904
1.78601
0.908973
2.00736
1.57837
3.88584
1.80242
2.41083
2.71426
3.52475
2.31892
0.599294
2.35305
0.459014
2.00394
3.6249
2.20311
2.19354
2.25186
2.30646
0.962361
2.03387
3.77858
2.7909
3.95321
2.2646
4.29717
3.37914
2.13594
2.71135
0.882278
2.75341
1.21492
2.14416
0.724494
1.00424
1.17311
2.73248
3.94112
3.20546
1.97749
3.05854
3.28887
2.79389
1.96049
3.69156
1.47993
2.90453
1.35548
2.93894
2.69675
1.62574
2.27456
3.04092
1.72516
2.58704
3.19298
3.69395
2.85335
0.581774
0.654272
2.47186
4.20157
1.56713
3.88018
1.29234
1.37994
1.99818
3.85086
3.37372
1.61898
2.06708
4.23903
2.00705
0.871998
1.56562
3.07546
4.30827
0.768246
1.03737
1.40649
2.1339
3.75391
4.31116
1.77695
3.52736
4.08484
2.40199
4.43412
0.990001
4.51695
4.53938
1.79599
2.91047
3.05698
1.43377
0.868161
2.75113
2.89653
3.28256
1.66156
2.72081
2.08249
3.12841
3.4844
3.29163
1.82792
3.80816
3.2047
1.54477
2.79735
3.35987
4.55582
0.7368
1.64595
1.51479
0.894818
0.988455
1.54763
1.55504
1.62601
2.50308
1.65113
1.76461
1.78487
2.69345
2.66047
2.67845
1.20769
1.93747
2.70586
2.6782
1.98858
1.19059
2.65284
3.0539
2.62278
3.16452
2.02786
3.37691
1.41502
1.46624
1.56521
2.19075
1.45466
3.48043
0.517511
3.53586
3.71883
1.02452
2.76678
3.75806
1.50834
1.08498
2.10963
2.76565
3.95308
0.780695
3.6655
1.07659
3.68559
1.98972
2.02927
4.0597
4.09454
1.17417
1.26063
1.30218
0.830229
1.0632
0.337435
2.43271
2.79074
0.723094
4.1099
4.10996
2.14362
1.06048
3.95866
3.42912
1.03606
1.29727
1.93355
0.414115
1.93832
1.6349
2.43071
2.45323
3.00524
3.2598
2.60858
3.95252
2.67211
3.53355
1.14785
4.03412
2.65868
4.34565
0.546655
3.77794
3.97641
2.71619
1.98267
3.34118
2.76536
4.41476
4.42112
3.81208
1.5025
4.48929
3.87282
3.88001
4.57437
3.91545
1.53691
1.79656
1.96323
1.24626
2.85395
0.410351
2.49735
4.36884
1.33336
2.52025
4.58204
4.58567
1.56546
1.78167
2.02832
1.95287
2.60063
2.85426
2.6562
0.759125
1.80398
2.05013
2.83378
2.84229
2.87075
3.03275
3.08449
2.15842
2.96718
3.22452
3.39725
2.3639
0.619512
1.09565
0.874243
2.24488
3.28798
2.13241
2.22787
3.40105
3.82699
0.823
3.76837
1.39378
2.68684
3.04105
1.40427
2.00105
1.69803
1.13044
1.4946
2.04703
1.76085
2.07291
2.4817
0.657954
3.54977
4.27782
2.13378
2.71424
2.84085
1.76229
1.71052
1.19712
1.26343
1.3622
1.88953
1.44131
2.31528
2.38241
0.918852
2.48469
2.63961
2.86437
1.79436
2.04208
2.59889
2.95541
0.563107
2.55269
2.24583
2.21802
2.93026
3.41237
3.67613
1.69805
2.89739
3.74569
3.57718
4.2848
2.75119
2.82022
4.34439
0.473441
4.34442
1.68667
1.36411
1.46315
2.43477
0.9521
2.7423
1.99241
2.87102
0.0852724
1.29553
2.82561
2.03761
2.36736
3.13613
3.13921
3.67611
3.05695
3.82977
2.30703
2.45721
0.972845
2.00394
2.60865
2.13749
2.53684
2.93534
3.26909
1.4886
0.837549
2.61059
3.045
1.73374
1.14386
1.45869
2.88283
3.32453
1.60215
0.0274078
3.17859
3.07656
2.7174
3.89258
3.44523
1.52195
1.04312
2.37572
3.90676
3.95693
0.716875
2.7134
2.67069
2.15543
2.34228
0.545452
2.76408
2.28452
1.28663
0.197754
1.75924
2.0951
2.52851
2.39589
2.86947
2.90981
1.38005
1.1135
2.73972
2.7842
3.05273
4.02127
4.08821
4.0914
2.81336
0.66103
1.78429
2.69087
4.26737
2.56005
1.17547
1.13172
2.13012
2.50222
2.33647
4.27935
1.27117
3.61116
2.33271
0.905302
0.579204
0.865052
0.893149
2.07927
1.24887
1.92826
2.51196
2.26201
3.66711
0.882846
3.70651
0.805636
1.6195
3.28724
1.99902
4.0589
2.13028
2.66748
4.08202
3.61455
3.864
3.31882
0.65481
1.16392
1.73405
2.59907
2.6465
1.04574
2.7515
3.6176
1.86429
2.4535
2.15748
1.36306
2.85915
3.2335
3.96923
4.12017
2.41482
3.30792
1.06089
3.90549
2.14392
0.937712
1.49563
3.12622
4.27521
1.31371
2.48402
1.84227
0.987803
1.16763
3.93009
1.90751
3.78668
3.59347
1.94614
3.84308
4.30046
4.37707
2.09263
1.9016
2.3878
2.5659
2.62317
3.2565
1.72723
3.60161
4.12734
3.00457
2.13003
4.29997
1.89613
2.21365
4.12086
3.54474
3.95555
2.47527
2.96367
4.03728
1.1451
2.65672
2.22022
3.13034
1.93312
2.74837
2.43142
3.14493
4.2553
4.30745
4.34223
4.38576
1.74112
2.27065
2.48937
2.51606
1.79757
2.73279
3.41863
2.06782
1.87646
3.0773
1.44168
3.1263
2.41737
1.2935
2.24004
2.38519
2.25714
3.81602
3.65035
0.986568
2.0595
3.74072
4.03417
2.72091
4.03636
3.98098
3.19447
3.63788
2.44542
2.88644
2.49628
3.16756
0.940543
1.0244
3.61849
2.08743
2.74436
3.22201
2.09375
2.53408
3.74645
3.11412
3.80035
1.75668
4.38027
4.39684
2.00111
2.01498
0.411014
4.43924
0.591251
2.29581
1.66793
2.79979
3.61118
2.57064
4.48121
1.71303
2.87936
1.8047
2.47379
3.7426
3.31248
1.01222
3.71841
2.20664
3.9124
3.83271
1.2082
0.616648
3.97693
3.98733
1.86482
3.67914
4.06093
1.59073
3.04113
4.07825
1.7522
2.49469
4.0825
4.11312
3.70437
3.02604
2.87628
3.37742
2.15012
3.08726
1.6873
1.83814
2.89481
3.03903
3.10471
2.04905
4.11754
4.12428
1.06449
1.80384
2.93448
2.80227
1.8559
3.40495
3.21798
1.58655
2.22714
2.0134
1.99361
1.62697
2.63141
1.48978
3.17306
2.76561
2.76821
3.43882
1.15795
1.85573
1.16234
3.51916
3.53613
3.58587
3.71962
1.08678
1.63334
0.332379
0.819357
1.8585
2.22155
3.6473
1.30488
3.23446
3.87092
2.35439
1.55494
1.43948
1.5031
1.95669
1.84023
1.66769
0.992947
2.46038
2.58708
0.591956
2.74233
0.727815
1.13757
2.89977
3.08196
2.19352
0.791756
0.886466
2.3678
3.31992
3.87309
3.73875
4.00405
4.25748
0.931337
1.54445
0.512562
2.45356
0.536676
2.74507
4.35596
3.13621
4.41956
4.55333
2.03425
1.90744
0.986809
2.62723
2.02902
2.11175
4.24955
4.45614
4.57256
4.58083
1.40267
4.2355
1.42552
2.06799
3.05943
3.23808
2.03908
3.77064
3.17227
2.11469
3.45294
1.2917
1.34591
0.924936
1.24123
1.52259
2.02767
2.51438
2.65608
3.69516
3.77498
3.79921
0.182258
2.6985
1.95898
0.482333
2.29214
0.814377
2.92952
0.470737
1.14278
2.75404
4.58422
1.13516
3.8232
2.98462
2.23063
2.59372
3.0236
3.12404
4.3242
3.49685
3.54789
1.36358
0.244788
1.67816
0.840051
2.52738
1.90774
2.41141
1.74985
0.520258
2.02569
2.86167
1.82042
3.12146
1.76901
1.08008
1.40125
0.933166
1.81678
2.20513
2.5966
2.5961
2.57453
2.66119
2.17971
3.16789
2.54906
2.29502
3.18286
1.29936
0.766428
1.34402
2.71
2.91194
1.97488
1.37683
1.3801
2.30336
3.78218
3.72996
2.11361
2.21613
3.54491
0.71533
3.0484
1.89553
0.844002
2.38122
3.1876
3.49007
3.37689
3.10633
3.89036
4.00537
0.475958
1.59077
3.47648
3.84076
4.2043
4.34033
2.29765
2.22031
3.10807
2.98009
3.55627
3.94211
1.44162
2.7554
2.12694
1.86107
2.70623
3.09821
3.30858
1.30414
0.894255
2.12591
1.5521
1.49346
2.44776
3.20683
2.85089
0.492525
0.181708
0.428224
3.06527
2.57793
1.28724
2.67252
3.34499
3.84891
1.79091
0.0628897
0.197948
1.08788
3.94241
1.82542
2.10388
2.48818
1.96021
1.27404
1.27218
2.08988
2.37464
4.0823
3.17571
1.44269
3.4815
1.1846
1.73095
1.40237
0.444552
1.53813
2.60265
1.36915
2.16918
1.64111
1.59892
0.716599
2.64915
1.35335
1.62591
2.82254
3.85436
4.34891
2.04761
1.97739
1.76137
2.01606
0.736736
1.39056
2.09864
1.21575
1.9008
2.81556
3.29111
2.17653
3.34365
1.84056
2.24207
1.52569
2.39478
3.42005
4.03213
3.35923
3.67414
4.42755
1.28821
4.47859
4.51777
4.08133
4.5707
3.6158
0.337026
4.60114
3.4296
1.64543
2.874
2.89908
3.01004
3.18236
3.38597
2.34734
3.46418
4.28301
4.60133
4.63928
0.941845
4.64383
1.19943
3.49149
4.61414
2.02932
2.29205
1.45266
3.05507
3.28201
3.91476
1.16033
2.5234
2.22768
1.59867
2.84487
0.267598
2.15804
2.3337
3.01677
3.17277
2.63847
2.36214
3.74449
3.07923
2.95454
2.08234
2.34757
2.97785
3.21658
1.78331
2.79398
2.22981
3.98052
3.99926
4.07212
4.22787
1.72125
1.21786
0.524331
0.586985
1.2773
3.13715
2.3585
2.90969
3.87266
3.54962
4.2701
3.50001
0.384718
1.1851
1.46786
2.83417
4.51815
2.4276
1.93981
2.77566
0.832246
1.56316
2.23178
3.99686
4.22917
2.66386
0.479748
3.9484
1.56356
0.435548
2.33653
2.53974
1.42269
2.76554
1.89018
1.00179
2.47873
0.987075
0.823818
0.46532
0.438012
1.50357
3.28733
0.725821
4.09871
2.07708
1.65157
4.17629
1.88591
0.692073
1.66311
3.64161
3.03591
4.3827
3.16052
4.6015
4.61971
4.64619
2.68
4.64659
3.82383
1.00891
3.52915
4.13195
4.65405
4.6545
4.65613
3.11565
2.18604
1.4681
1.26994
4.66045
4.11967
4.4586
2.72
4.66236
4.66253
2.67356
1.15025
2.99918
4.66816
2.85673
3.00333
2.81532
4.07459
1.53528
4.00475
4.46442
1.52971
2.52009
3.63324
4.6687
1.65439
0.391134
2.54402
3.03543
1.78351
3.46638
3.85004
3.96099
0.737714
0.967834
1.49876
4.66957
0.996321
1.20253
1.12353
0.122732
2.6255
1.45528
2.91731
3.58695
1.86143
1.9222
2.13436
2.70109
1.19792
2.68106
3.16968
2.39711
2.10783
2.02053
0.206284
3.53803
3.77969
4.32742
4.62115
4.67513
1.52336
1.00042
4.13136
2.90259
2.66018
3.25281
3.46097
3.82859
2.46129
2.69444
3.31513
1.24115
0.374005
0.242112
4.45484
1.79516
1.81666
1.17579
3.51867
3.99884
2.1034
2.63593
1.97389
3.82151
1.12458
1.87096
1.89561
2.00741
0.774543
0.982595
1.54316
2.08147
3.93673
3.33766
2.69139
3.79553
2.80318
2.48673
3.28527
3.55174
3.88254
3.74384
1.02652
3.31479
2.72362
3.3617
2.14409
3.18806
1.77192
2.19147
3.44433
2.35562
3.76837
2.28318
1.39319
1.69485
3.02052
2.83437
1.56421
2.19058
2.7209
3.40014
2.34643
1.95221
3.58141
0.73084
1.94037
1.95205
3.0707
3.84722
2.99836
1.69976
3.00686
4.06583
3.27505
4.08715
1.20082
3.67356
2.43039
3.45751
4.11027
4.38831
4.48494
2.83212
2.52267
0.937421
2.71153
1.1797
3.99603
2.17303
1.92023
3.71586
3.65853
0.607539
1.54202
1.62608
3.86809
4.00085
2.59811
2.52335
3.36394
3.40363
0.71128
0.815186
3.00739
2.16963
0.799387
4.02049
2.34257
4.0553
3.69804
4.21059
4.34423
4.06784
4.40495
4.14277
3.00637
4.3678
3.51962
2.24391
1.1439
1.62065
3.25839
1.49423
1.05433
0.889196
2.76508
0.562998
1.60971
2.19231
0.951206
0.97882
0.53594
3.00175
2.1354
0.829508
2.72092
1.50314
3.04701
3.36358
3.73518
1.55798
1.5375
1.7168
3.87767
3.58813
4.40195
1.10644
4.37997
4.4365
1.75746
2.65621
2.74303
2.4093
0.54527
1.31731
0.380378
3.41322
3.81345
0.95321
4.02942
1.94464
3.08356
2.07731
2.34173
3.17758
2.81337
1.74128
1.85051
3.30791
0.394442
1.82234
1.0274
0.685974
1.93379
1.58792
3.72334
2.55173
3.33748
2.02732
3.54615
3.7409
0.962573
3.76102
3.96629
4.13986
2.90016
3.89952
1.66167
4.23387
3.80967
0.978705
1.26429
4.24087
2.00917
2.52925
3.04743
2.52185
3.23481
3.0865
3.00202
3.11501
4.13592
1.01697
0.806944
4.52493
4.64583
4.64894
2.25319
3.07301
2.13858
2.27269
2.63303
1.85977
1.58714
2.86968
1.31737
3.05165
2.46193
4.32003
1.56749
1.39346
1.26488
2.09444
3.74959
3.73897
0.754594
1.07363
4.0123
0.867625
2.53147
2.56588
4.26035
1.56278
0.319212
1.55957
3.31214
1.4831
1.45194
2.16912
3.4007
2.42189
2.62072
0.957654
4.20482
2.8674
1.11249
0.33567
1.28956
1.73576
1.80505
1.3282
1.87474
1.60689
1.33937
2.37405
2.60221
2.30283
1.19169
0.947055
1.48003
2.87285
3.26104
3.56469
3.20193
2.46823
0.423458
2.27957
3.32695
3.6092
0.356685
2.86168
2.80269
3.79525
2.27411
2.84082
1.0191
3.66318
3.67541
3.17725
4.25501
1.34783
2.13171
4.30974
4.33347
2.19511
3.71524
4.35096
0.602642
1.41809
1.80394
2.04832
0.94862
3.00315
0.821701
2.95073
3.6444
4.39914
2.65896
2.89472
2.77755
3.53847
3.89135
2.1606
1.99426
3.66731
4.3605
2.55944
4.44194
0.782803
3.44568
2.63511
1.62924
2.36417
2.43958
2.32433
3.57516
2.26936
3.79889
1.361
3.85963
2.30592
3.05903
3.00599
4.00903
4.45871
3.72091
1.6901
1.73385
1.62491
3.09994
3.36912
3.44966
1.19142
0.986662
2.30767
0.749801
0.840062
3.84176
3.93048
3.98121
4.45968
2.99938
2.58834
1.53633
1.7194
1.81098
4.46273
2.02158
1.96724
2.31078
3.10268
4.06873
3.25127
3.62224
1.44393
1.71971
4.49385
2.35647
2.45707
4.00222
0.669516
0.783571
2.15703
2.93624
4.35112
2.13152
3.35589
1.92498
0.888394
0.985975
0.916224
1.22027
1.35047
0.41047
1.52144
1.67215
1.28215
2.81428
3.36041
2.41076
3.5797
1.41766
1.55367
1.59418
2.38818
2.30045
3.29915
4.5333
3.46963
2.12051
1.72949
2.99098
3.97173
1.83554
2.79842
1.34037
0.780341
2.58725
1.32054
2.12174
2.28959
2.63144
2.45915
2.79445
1.85733
2.97884
3.35899
3.56185
3.66524
2.67857
1.69384
0.393923
1.57581
3.45005
2.84009
1.62066
0.36795
3.4281
3.38145
3.41599
3.12108
3.74357
0.893995
4.05588
0.810858
3.79304
4.53694
1.00167
0.62425
1.11003
4.64984
4.67368
4.32923
4.6775
4.25708
1.04606
2.38993
4.68428
1.63585
2.06747
2.56288
2.94302
1.78615
2.95944
4.68683
2.89862
0.801541
2.83746
2.89486
1.6789
2.58112
1.54598
3.95996
3.0005
3.15637
2.18889
3.30555
2.89048
2.57214
1.2415
1.27427
0.361731
1.76332
2.00668
2.41038
2.47336
1.79742
2.94835
2.58231
1.74558
2.11431
1.42851
3.0541
2.48694
3.03621
4.26144
4.60215
0.493184
3.54423
0.0575573
1.20218
4.28216
1.21043
1.59487
0.649666
4.45125
1.15887
3.515
2.41599
0.477724
2.97766
3.9255
1.25629
3.78402
3.28864
2.91104
3.53441
2.23352
1.28599
1.94639
1.86726
1.99195
2.29021
0.918022
1.58965
2.84076
4.07157
4.30713
2.56343
1.86991
1.9682
1.99158
2.89545
3.46624
1.46878
4.42315
2.3406
1.37347
3.11012
3.39894
1.76479
1.25391
2.17119
2.24765
1.26128
1.98756
2.89275
0.638851
3.12235
2.97455
3.45566
1.76318
4.14643
4.60792
4.2354
1.70572
1.67863
1.6152
2.73184
3.64512
2.64243
4.23361
4.39496
0.86558
3.04042
4.52854
3.92221
1.94869
2.15239
3.37607
2.27974
1.15201
2.12292
1.86734
3.47473
4.03373
1.79811
0.937356
1.91962
1.53975
1.3479
2.58199
2.20619
4.09976
3.97696
2.55325
4.55832
1.7605
0.950248
3.12938
3.56595
3.25864
4.57718
1.49304
1.43542
0.787633
1.83273
1.96949
3.16194
1.72304
2.00846
1.98218
1.28955
0.642394
1.91035
2.36855
1.47487
2.06722
2.29946
2.3171
2.43787
1.90021
1.97946
2.0122
0.886614
1.99621
2.12228
2.61963
2.89939
2.30847
1.94514
2.01621
1.68242
2.33685
2.8387
2.90789
3.1732
2.21767
3.66023
3.37803
3.21357
2.90684
2.55486
1.65406
3.75429
1.98345
2.51093
1.89654
2.59051
2.33134
1.84368
4.6569
4.67817
2.31816
4.68898
1.02029
4.69377
4.69843
4.70333
2.6588
1.54092
1.4371
1.97719
1.79035
2.61605
2.36371
2.6671
2.06287
3.10976
3.42063
1.23752
2.53523
0.723084
0.481877
3.35793
2.23919
0.531994
3.65812
3.74395
3.92251
1.58836
2.25374
2.62877
3.83008
1.60844
3.46778
2.18355
3.52474
0.626785
0.43054
1.04767
2.28877
0.33721
1.95385
1.96105
2.24287
1.37699
0.966141
2.87308
0.923742
1.78302
1.09341
2.61715
3.05856
1.53083
2.3153
3.32073
1.7273
2.91945
3.43887
3.86392
4.29414
1.12545
1.47917
3.82678
3.6943
3.7203
3.72804
2.40139
2.82631
2.41296
3.12335
3.86521
3.88208
3.84201
3.58368
2.07198
4.04311
4.08986
0.835528
1.92173
2.28419
1.93476
0.993266
2.13352
2.45406
1.23129
0.869204
0.296462
0.997077
1.31354
1.67717
0.380003
1.98907
0.532023
2.04164
1.86065
2.20746
1.79119
2.23651
1.14365
2.52713
3.20628
3.69387
2.62684
0.1856
3.0021
3.49326
1.69008
1.71355
1.80485
2.67173
2.5251
2.46977
2.74432
1.64228
2.53048
3.39074
2.75142
3.66268
2.17491
3.33437
1.20942
1.09117
1.5372
2.2597
2.10695
2.39519
1.93111
2.26811
2.82169
1.65407
1.46594
1.87588
1.95615
1.3976
2.41561
2.74206
2.32352
1.12997
2.8291
1.83137
2.01173
2.86122
1.05425
1.25312
2.76573
2.62554
2.88118
1.92563
2.9285
2.96745
1.3865
1.90827
3.20098
3.23245
3.23446
3.61983
3.47446
4.07449
0.593629
1.27311
4.30842
1.72044
4.36075
1.78425
1.03525
1.86665
0.258606
1.10402
2.66782
1.86901
2.01786
1.25144
1.3728
2.7311
3.92045
0.197216
2.06248
2.08657
1.80308
2.90764
3.01429
1.78767
2.09379
1.16351
1.76076
0.972664
2.1031
2.26773
2.22222
1.13549
1.50236
1.76071
2.6272
1.83859
1.96911
1.74936
1.77351
3.10028
2.67571
2.32564
0.632061
1.79194
1.18635
1.89955
1.91428
2.5536
3.36836
2.46341
3.7642
2.23572
1.3768
2.57247
2.73891
0.922206
2.9904
2.88115
1.92659
2.85155
3.77348
1.48549
0.742847
2.65775
3.11173
0.221428
0.977809
3.37713
3.49308
2.56093
2.39577
0.898209
2.56707
1.90818
1.16694
2.8012
1.84301
3.85174
2.16453
2.71148
1.76789
1.80763
1.99261
2.10709
3.95889
2.481
2.53199
3.96785
1.51829
1.88591
2.0132
1.23934
2.20671
1.19262
1.21846
0.995533
2.21181
0.668449
2.61279
2.63108
2.54054
2.26404
2.56304
1.67755
0.118633
2.03443
2.48463
1.44593
2.59517
2.88627
3.07652
2.04083
1.21784
3.21672
3.38783
1.10306
3.28001
2.46092
1.88856
3.78275
2.74663
2.95748
1.65781
0.657545
0.515298
0.780245
1.74858
1.53266
0.682069
1.0998
2.45898
2.43829
2.74872
2.88367
1.36981
3.05948
3.32076
1.30467
3.81262
0.33037
4.04995
3.97353
2.10579
3.9437
1.15545
4.30272
4.30435
3.78112
4.3365
4.35713
4.36212
3.37723
2.34695
3.06299
2.10273
3.41803
3.52964
0.918147
1.21538
1.84513
2.29565
2.47259
1.60653
3.30115
3.61412
4.06748
4.07078
3.6314
3.30893
2.25977
2.57085
4.06934
4.36384
1.39624
1.86257
3.88095
2.44047
3.97841
4.39652
2.52879
2.19396
1.84635
3.35009
1.95246
0.965736
1.18991
1.95317
4.03948
3.90643
4.27687
0.418277
3.05356
4.33175
2.94149
1.09614
2.15474
0.566172
3.20957
3.84436
4.0597
1.13223
1.28053
1.66694
1.57952
2.42548
1.17744
3.13544
4.36593
2.44117
3.17987
1.97406
3.63757
3.45355
2.73106
0.84664
0.40744
2.71378
2.80199
3.81051
1.61487
0.490497
4.39797
4.41617
2.21652
3.32505
2.33161
3.72148
2.23206
4.43397
4.15551
3.62351
3.16997
3.53904
0.635913
3.62524
2.76792
3.05978
0.264899
3.55915
1.71397
3.17187
3.7557
3.92729
2.79586
1.18648
3.11681
3.43404
2.72027
3.93847
1.4752
4.44642
4.45626
1.51603
2.51187
2.07706
2.76924
3.7754
4.50285
3.21103
4.5049
2.02211
1.83733
2.99794
0.967191
1.8005
3.33351
3.54969
4.55778
0.71609
2.08502
2.71194
4.57055
1.45304
2.92622
2.80587
3.49936
2.50917
0.378869
1.94596
4.57102
3.52281
4.6111
4.67626
4.70501
1.55601
2.52336
0.92042
3.26578
2.56856
1.20998
0.374099
4.29861
2.84108
4.32203
4.706
3.17143
3.54997
2.0789
1.69313
3.21271
2.49375
3.86476
1.30439
0.303699
2.8983
4.71182
4.72103
1.49983
1.50897
4.15225
2.85841
2.10005
1.22667
2.62987
2.73206
2.20673
1.58575
1.33064
1.46307
1.84831
3.23262
1.7069
2.15774
3.48009
2.40638
2.39847
2.07563
3.7006
3.76575
3.7996
2.00528
0.478475
2.30155
1.91035
1.0973
4.31897
4.00175
3.6875
1.69246
2.4965
2.36141
1.77082
2.54232
1.66498
0.930826
1.67041
2.91652
2.40755
3.4429
3.63078
1.54392
2.51698
4.31839
2.05806
2.16018
2.42416
3.79689
2.50665
3.95091
4.57951
3.47619
2.74132
4.72577
4.72984
4.49432
2.09456
1.2851
4.73228
3.63922
1.19584
3.31185
1.41975
4.73503
1.54585
2.1493
3.88089
0.283811
3.31439
4.73762
2.3524
4.73774
0.910515
4.74132
2.93742
4.74376
1.42313
2.32355
1.06329
2.87658
1.61707
2.98608
4.74494
2.42322
3.18507
0.791633
1.1575
1.99437
3.34613
0.843349
4.7501
1.20206
2.14898
1.49114
3.85479
0.930035
2.274
2.88496
3.22749
3.27843
0.819205
0.457898
1.81175
2.66673
2.12303
3.34721
2.74048
1.1288
2.43946
2.32086
3.77881
3.87374
3.05012
2.19773
2.63787
1.42578
3.15657
3.93937
2.74821
0.468135
2.71128
3.49553
2.22492
3.18243
1.8526
2.07796
3.22625
4.17876
2.1636
0.433854
1.97329
2.306
2.88723
1.87924
2.71686
1.89595
3.73553
3.39126
4.24642
2.13294
3.99955
1.79249
2.54243
2.2293
4.69823
0.529967
1.18677
3.21655
1.63755
2.28367
2.25319
0.372337
1.29665
2.68256
1.30486
3.35063
3.1494
0.706203
2.41351
2.68245
3.00619
3.15793
3.54373
1.5617
3.07394
2.58589
2.04867
3.12425
2.33155
3.42423
2.53078
3.46032
0.454959
3.40037
3.54913
3.86502
1.9445
3.5568
4.00141
3.05176
1.07273
1.68008
2.66065
4.07729
1.6701
2.15204
1.89322
3.72267
1.02699
2.65497
4.36682
4.73949
2.00204
1.72209
1.97115
4.18365
4.67914
4.75483
4.61682
4.75892
4.76015
1.50117
2.95925
0.539834
2.48142
2.12935
1.30564
3.01488
0.91903
3.19876
0.913485
3.5495
3.60544
3.39756
2.90816
1.56826
0.950275
2.61115
3.75219
1.14562
0.907386
1.64742
1.86426
2.08212
4.29466
4.76349
4.76435
4.76687
3.58205
4.76714
4.76722
1.5726
2.55001
1.12375
2.76366
2.34175
3.42793
0.959172
1.33036
3.19396
4.33171
3.66675
1.09716
1.21184
1.42627
4.14441
4.57745
2.01419
4.77229
1.85978
3.14673
4.77484
4.77685
2.66691
1.53969
4.77831
4.77958
4.78005
0.285702
3.15066
3.77477
1.79401
0.861322
3.46021
0.681015
2.4106
1.75912
2.40167
2.50007
2.89131
2.98444
3.03678
2.26788
2.97418
3.51193
2.6526
3.26904
3.40262
4.57308
2.3408
4.78267
0.190315
1.59358
1.09058
1.94331
1.96399
1.53214
0.780111
4.78827
1.38996
3.71811
4.05822
4.79665
3.5601
4.80474
2.01273
1.68644
4.36545
2.56868
4.63194
0.508206
0.335812
1.76675
3.80782
3.32612
0.91708
1.56382
3.56733
1.83208
0.295415
3.70572
3.63331
3.00905
2.76123
3.11053
3.71841
2.23886
0.412301
1.57715
0.607756
4.80716
1.6244
3.63782
1.38184
2.71156
3.91897
3.7421
4.81122
4.81294
4.8139
4.81963
4.12286
4.42329
1.56968
1.80797
2.37175
1.85386
2.79053
3.15594
2.41856
2.52708
2.81493
1.96557
1.64867
3.76171
2.41542
1.79692
2.71649
3.1037
2.30618
1.53702
3.46014
1.38466
3.23627
2.91884
2.25584
1.98566
1.23634
4.00407
3.90691
4.17939
4.66664
0.617275
4.70174
0.587771
2.15667
0.983601
3.17909
0.661455
1.11268
0.808813
2.00884
0.526056
0.869258
2.67165
3.52848
3.1281
4.07922
3.52633
1.48306
4.09765
1.42022
1.46923
2.47007
2.8297
3.5794
4.5672
0.97826
2.73113
3.66904
4.69702
2.71036
2.36753
2.32124
2.55388
1.01076
0.639613
2.66445
1.77582
2.71951
4.36716
2.90571
2.18092
2.72086
2.47231
1.71701
2.69001
2.76709
3.43951
3.62666
0.439721
3.67267
3.66733
0.782042
3.45983
3.67991
3.17731
4.17795
3.60535
1.10138
3.91028
0.564067
4.1345
1.2915
0.997301
4.71075
4.13426
4.82223
4.83375
1.4704
1.10579
1.90665
4.32604
4.02611
2.26399
4.83994
1.48121
4.84767
4.85464
3.48423
4.8557
4.85804
3.23104
4.85827
4.86071
4.8622
0.825255
2.7469
3.54616
3.17602
3.3395
3.49337
0.828992
2.94624
2.56353
3.00077
3.63241
1.54298
1.26841
4.87508
4.87589
4.87944
4.88831
1.67731
1.72428
4.8943
0.457429
4.89735
2.35551
1.84045
0.842929
1.15941
1.92487
4.89991
2.56049
2.24984
3.68472
3.52766
0.742013
2.12465
3.45907
2.91628
0.100239
3.86523
2.62085
4.28536
4.2903
2.03001
2.20039
4.90871
3.07676
3.58958
4.37877
1.37939
4.43402
2.61469
2.96932
1.69674
4.40014
2.68781
2.42311
4.54561
0.3642
2.90692
1.41307
1.70433
2.28591
2.87457
1.73516
2.826
1.3541
2.98404
3.14344
2.14484
1.78422
2.12691
3.35266
3.35891
2.29811
3.39666
1.86003
3.54713
3.33744
1.29646
2.61733
2.06657
0.183853
1.32737
1.63766
4.07548
4.51513
0.883131
3.80651
1.22067
2.43108
3.66901
0.232701
4.47139
2.56162
1.14652
0.507862
0.757326
3.87766
2.14591
3.05346
3.54675
1.93719
2.76573
1.04065
4.31888
2.11509
1.3086
0.39749
0.808899
1.68947
0.595977
3.49046
4.65747
4.91093
0.83121
3.83696
3.22198
4.02786
4.91749
3.40232
3.18568
4.94029
2.24201
3.27764
4.94146
2.94085
4.80505
4.95152
4.95375
4.96031
4.97076
3.1792
1.1072
1.89478
4.97797
4.98376
0.958264
4.98513
2.79836
4.98633
1.16485
5.00237
0.808077
1.32232
1.5164
1.55666
0.860909
2.73391
1.40538
3.00975
1.87773
1.43598
1.56754
3.36437
2.74615
1.00391
3.79779
4.11544
3.20054
2.41155
1.7192
3.55418
1.63705
1.6977
1.61955
2.06063
3.7283
4.23724
5.04608
2.21268
0.760819
3.09602
3.1521
3.4971
5.04908
4.45936
2.88671
5.04937
3.9596
5.05471
5.05489
5.06024
4.34103
5.07317
3.83508
5.0929
2.88058
1.75911
1.35561
2.41654
2.02949
0.45849
2.00109
1.73953
4.01279
3.5849
1.56246
2.28032
0.82344
1.93029
1.99868
2.2784
0.141046
2.54691
1.8411
2.94757
1.66991
1.34529
2.30761
2.52403
2.74166
3.60482
1.99462
2.22699
2.26314
3.03611
1.12468
2.98679
4.00811
4.29328
4.48727
4.56856
1.78743
5.09716
2.65048
5.10428
1.83932
4.83247
5.10865
5.11077
4.44818
5.1119
5.12338
5.12398
2.95287
1.23353
2.38133
4.85074
5.12788
5.13135
2.04786
2.91102
2.75036
1.55758
1.70445
0.48445
1.43932
2.9938
5.13906
1.63029
5.16028
5.17318
1.36728
3.24667
1.65729
4.35104
0.646637
1.78358
2.54145
0.42105
4.14879
5.17366
0.703092
5.18923
5.20252
4.83053
1.88955
1.31718
3.15952
4.02645
1.29597
4.93662
2.11383
3.25546
1.89305
3.68218
5.21296
3.51329
5.21976
5.23646
1.14461
1.40003
0.598055
5.28498
5.29031
1.70241
0.960597
2.38085
5.29142
5.30319
5.32362
1.66843
0.913848
2.88886
4.88589
1.48274
2.26708
2.88988
1.50187
1.0568
0.999695
4.94525
4.45443
0.634385
0.353071
3.23099
3.87528
0.618711
4.29678
0.954868
0.993476
5.33361
2.57832
2.30247
0.872023
2.76494
2.02442
2.82715
2.35705
0.616709
3.6656
2.20048
2.1127
3.29254
5.34408
5.34823
5.3525
2.04889
3.38969
0.284314
0.811796
2.7742
0.895034
2.30327
0.773695
1.85814
3.63149
2.98815
3.93005
5.3755
5.0227
3.33591
3.71405
4.23096
4.37729
4.085
4.73322
2.85872
5.38945
2.89303
1.83288
1.19437
2.35389
2.7042
2.28798
3.17546
5.41778
5.42033
2.36399
4.22284
1.4182
2.40253
1.58946
5.44009
3.60951
5.4408
3.50299
2.11573
1.20233
1.24164
1.26005
3.7434
3.67119
3.93806
4.26723
5.46757
5.46817
2.60518
5.47068
0.340363
5.47469
1.09563
3.02767
0.949614
2.39967
1.89479
2.19634
2.5675
1.04624
0.948391
0.76153
1.37712
1.68584
1.58327
1.31252
1.91478
1.74123
2.1214
2.59404
3.00889
2.78456
2.88388
3.09016
3.28562
0.529071
1.75122
2.43246
0.826369
3.8293
3.81463
1.1303
3.06383
3.06625
3.33845
2.76918
3.39644
1.71658
1.01206
2.60714
0.620672
4.38089
3.54634
4.50404
1.78619
2.6734
2.55827
0.298625
1.67261
3.38321
1.91525
0.716448
2.29885
2.22898
2.48002
3.46019
2.8181
0.638326
2.03228
3.89871
3.4709
3.66823
4.36259
4.09203
4.27902
4.40338
2.60985
4.92202
3.74603
1.6366
4.98442
1.84575
2.69986
2.81255
3.16035
4.09569
1.32476
0.980119
5.25008
5.47857
5.50778
1.67037
2.07089
5.50874
1.25448
1.73301
1.98817
4.87329
5.51039
1.0806
2.55383
5.526
5.55577
5.56276
2.21632
2.27854
2.05402
3.76776
5.5729
5.5776
5.57949
5.59082
5.61072
2.86777
1.51125
1.0946
4.11677
0.340686
4.51095
2.15765
2.19609
5.36689
2.68752
5.55686
1.26285
2.07266
1.53242
2.12098
1.54119
1.64896
2.72052
5.14759
3.62908
2.9567
3.21543
2.73873
3.35475
3.72004
1.59179
2.94519
2.30841
1.73572
1.4894
2.86231
1.96951
2.16789
3.50565
1.88886
3.72166
0.678516
2.67284
2.18952
2.76514
3.7281
1.78484
3.41237
1.3484
1.70036
3.23582
2.61614
1.33079
1.64981
2.00114
3.31075
3.87216
1.9412
4.11436
4.43367
4.07444
1.31451
0.981002
2.76511
2.28838
1.9471
2.65107
2.83501
2.49644
0.161295
4.54413
4.35698
4.71392
2.36316
4.83931
2.00978
5.4532
3.59322
2.31845
2.35596
2.60071
1.96287
0.532408
1.5511
1.34643
2.92226
2.30962
3.41674
4.10722
0.947756
1.0237
2.21667
3.37366
1.37267
2.54539
4.3622
2.26389
1.17114
1.93111
2.93423
2.96431
3.10029
2.80019
3.16627
3.56376
1.53248
1.10377
2.2035
0.939571
3.10115
2.18074
3.13407
4.27616
3.57122
4.36499
4.70976
4.8693
5.61843
5.62088
3.33357
3.9482
5.62903
5.66181
1.66968
5.67875
5.71329
0.705274
1.22361
4.89843
1.41574
1.27873
2.71637
3.10657
1.56323
3.48017
3.51805
0.627556
5.73907
5.75508
1.74527
1.30335
2.68556
0.881892
2.03789
1.04151
1.76214
1.99582
3.85632
2.80021
2.19029
1.84258
1.71081
2.21514
3.25819
3.95775
5.06664
2.38875
0.356704
5.07478
1.73463
4.78344
2.7017
5.83956
5.84944
5.85477
5.89072
2.25019
5.90299
5.94523
4.69787
2.34633
1.45514
1.52689
4.97063
0.938803
1.57956
2.98096
2.00953
0.948555
2.3899
3.20926
4.10483
2.38222
4.11088
4.01764
1.98169
3.34729
1.66447
5.57216
1.23673
2.97122
2.06367
3.17529
2.37935
5.94986
4.06721
0.523464
1.98392
1.92339
5.45344
1.84373
4.04577
3.04902
2.70041
2.75198
4.55653
2.87531
2.57256
1.78397
0.645301
3.47701
4.12537
3.18548
2.63847
3.04068
1.88525
2.20584
4.21784
4.01825
4.27124
6.00076
1.33371
3.75841
6.0171
1.19994
0.919127
6.03881
3.45565
2.48322
6.06023
6.08575
3.59121
3.93356
3.7212
2.09638
4.18676
2.49185
1.06702
6.12844
2.74664
6.1468
2.78089
1.24721
1.53156
2.45549
6.16469
5.49743
6.19701
2.9812
0.24008
3.00178
1.14695
6.22674
6.25057
4.59914
6.39819
0.648673
1.17518
1.39794
2.53972
2.73225
6.47395
7.0607
7.249
3.54841
2.76207
1.17957
2.11398
2.86994
1.63594
4.08902
7.86004
8.24432
